0.200
0.530
0.880
1.210
1.560
1.900
2.230
2.560
2.910
3.240
3.580
3.900
4.250
4.600
4.920
5.260
5.600
5.940
6.280
6.630
6.970
7.310
7.650
8.000
8.320
8.680
9.010
9.350
9.680
10.030
10.360
10.700
11.030
11.360
11.700
12.040
12.370
12.710
13.060
13.380
13.700
14.040
14.380
14.710
15.060
15.400
15.730
16.060
16.400
16.740
17.080
17.420
17.760
18.080
18.420
18.760
19.100
19.440
19.760
20.120
20.450
20.800
21.140
21.470
21.800
22.140
22.480
22.810
23.150
23.490
23.810
24.150
24.460
24.810
25.140
25.480
25.820
26.170
26.500
26.840
27.170
27.510
27.840
28.170
28.510
28.860
29.190
29.530
29.860
