0.370
0.750
1.150
1.520
1.930
2.300
2.670
3.020
3.390
3.770
4.150
4.550
4.930
5.300
5.680
6.060
6.450
6.810
7.170
7.540
7.890
8.270
8.660
9.020
9.400
9.770
10.140
10.520
10.900
11.270
11.630
12.000
12.360
12.740
13.110
13.500
13.880
14.260
14.630
15.020
15.400
15.790
16.170
16.540
16.910
17.270
17.650
18.040
18.420
18.800
19.180
19.560
19.950
20.320
20.690
21.070
21.430
21.800
22.190
22.580
22.940
23.320
23.690
24.050
24.440
24.800
25.170
25.540
25.900
26.270
26.640
27.020
27.390
27.790
28.160
28.510
28.900
29.270
29.630
29.990
