0.300
0.690
1.060
1.450
1.830
2.220
2.600
2.980
3.360
3.740
4.110
4.490
4.900
5.280
5.660
6.050
6.450
6.840
7.240
7.620
7.990
8.380
8.760
9.130
9.520
9.910
10.290
10.680
11.060
11.440
11.820
12.200
12.580
12.960
13.340
13.700
14.080
14.460
14.850
15.240
15.620
15.990
16.380
16.760
17.130
17.520
17.920
18.320
18.700
19.080
19.450
19.840
20.220
20.590
20.980
21.360
21.750
22.130
22.510
22.880
23.260
23.640
24.020
24.390
24.770
25.140
25.520
25.890
26.280
26.660
27.050
27.420
27.800
28.160
28.520
28.890
29.280
29.630
30.000
