0.080
0.460
0.820
1.200
1.580
1.950
2.320
2.690
3.060
3.420
3.790
4.170
4.530
4.900
5.260
5.630
5.980
6.330
6.680
7.040
7.390
7.750
8.100
8.460
8.830
9.190
9.540
9.910
10.270
10.620
10.970
11.320
11.680
12.030
12.380
12.750
13.090
13.430
13.790
14.160
14.510
14.880
15.230
15.580
15.930
16.280
16.630
16.960
17.280
17.610
17.960
18.330
18.680
19.020
19.380
19.740
20.090
20.450
20.790
21.150
21.490
21.850
22.190
22.540
22.860
23.210
23.560
23.920
24.270
24.620
24.960
25.320
25.670
26.040
26.380
26.730
27.090
27.440
27.780
28.130
28.490
28.850
29.220
29.600
29.980
