0.020
0.320
0.620
0.920
1.220
1.520
1.820
2.130
2.430
2.730
3.030
3.330
3.630
3.940
4.240
4.550
4.850
5.150
5.450
5.750
6.050
6.350
6.650
6.950
7.250
7.550
7.860
8.160
8.460
8.760
9.060
9.360
9.680
9.980
10.280
10.590
10.890
11.190
11.500
11.800
12.110
12.420
12.720
13.030
13.330
13.640
13.940
14.250
14.560
14.860
15.160
15.460
15.760
16.070
16.360
16.660
16.970
17.270
17.570
17.870
18.170
18.480
18.780
19.090
19.400
19.700
20.000
20.310
20.610
20.910
21.210
21.520
21.830
22.130
22.440
22.740
23.040
23.340
23.640
23.950
24.250
24.550
24.860
25.170
25.480
25.780
26.090
26.400
26.710
27.010
27.320
27.620
27.920
28.210
28.520
28.820
29.120
29.420
29.720
30.010
