0.040
0.450
0.850
1.260
1.660
2.070
2.470
2.880
3.280
3.690
4.090
4.500
4.900
5.310
5.710
6.120
6.510
6.930
7.340
7.740
8.150
8.550
8.960
9.360
9.770
10.170
10.580
10.980
11.380
11.780
12.190
12.600
13.010
13.410
13.820
14.220
14.630
15.030
15.440
15.840
16.240
16.660
17.060
17.460
17.870
18.270
18.680
19.080
19.490
19.890
20.300
20.700
21.110
21.510
21.920
22.330
22.730
23.140
23.540
23.940
24.350
24.760
25.160
25.570
25.970
26.380
26.780
27.180
27.590
28.000
28.400
28.810
29.210
29.620
30.010
