0.270
0.550
0.830
1.100
1.390
1.670
1.950
2.220
2.510
2.780
3.060
3.340
3.620
3.930
4.230
4.550
4.860
5.160
5.450
5.750
6.060
6.350
6.650
6.960
7.260
7.560
7.850
8.140
8.440
8.740
9.040
9.340
9.640
9.940
10.240
10.540
10.840
11.140
11.440
11.750
12.050
12.350
12.650
12.950
13.250
13.550
13.860
14.170
14.480
14.780
15.090
15.380
15.690
15.990
16.290
16.590
16.890
17.190
17.480
17.780
18.090
18.400
18.710
19.020
19.330
19.630
19.930
20.230
20.530
20.830
21.130
21.430
21.740
22.030
22.320
22.610
22.910
23.210
23.510
23.810
24.110
24.410
24.710
25.010
25.310
25.620
25.910
26.210
26.520
26.810
27.110
27.410
27.720
28.010
28.320
28.620
28.920
29.220
29.520
29.820
