0.010
0.390
0.810
1.200
1.600
2.010
2.420
2.820
3.210
3.630
4.030
4.420
4.830
5.240
5.650
6.050
6.460
6.870
7.300
7.690
8.080
8.490
8.910
9.300
9.700
10.110
10.500
10.920
11.310
11.730
12.120
12.530
12.920
13.330
13.730
14.140
14.540
14.940
15.350
15.750
16.150
16.560
16.980
17.370
17.780
18.190
18.580
18.990
19.390
19.790
20.190
20.600
21.010
21.430
21.840
22.240
22.640
23.050
23.460
23.870
24.270
24.690
25.090
25.500
25.890
26.300
26.700
27.120
27.510
27.920
28.330
28.730
29.140
29.540
29.960
