0.240
0.590
0.950
1.290
1.650
1.990
2.350
2.690
3.040
3.390
3.740
4.080
4.430
4.770
5.110
5.440
5.800
6.140
6.490
6.830
7.180
7.520
7.870
8.220
8.580
8.930
9.280
9.620
9.960
10.330
10.670
11.020
11.360
11.700
12.050
12.390
12.740
13.070
13.420
13.770
14.110
14.450
14.810
15.140
15.480
15.810
16.170
16.490
16.850
17.190
17.530
17.870
18.220
18.570
18.920
19.260
19.600
19.930
20.290
20.630
20.990
21.340
21.670
22.030
22.370
22.720
23.060
23.400
23.750
24.090
24.440
24.780
25.130
25.470
25.800
26.140
26.470
26.820
27.170
27.510
27.850
28.200
28.540
28.890
29.220
29.570
29.910
