0.160
0.460
0.760
1.070
1.370
1.670
1.960
2.260
2.570
2.880
3.190
3.490
3.800
4.110
4.410
4.710
5.010
5.320
5.630
5.940
6.240
6.550
6.850
7.150
7.450
7.760
8.060
8.370
8.670
8.980
9.290
9.590
9.890
10.200
10.500
10.800
11.110
11.420
11.720
12.030
12.340
12.640
12.950
13.260
13.560
13.870
14.170
14.470
14.770
15.080
15.380
15.680
15.980
16.270
16.570
16.870
17.170
17.490
17.800
18.100
18.410
18.710
19.010
19.310
19.610
19.920
20.210
20.520
20.820
21.120
21.430
21.740
22.040
22.350
22.660
22.960
23.260
23.570
23.870
24.170
24.470
24.760
25.060
25.370
25.660
25.970
26.260
26.560
26.860
27.170
27.470
27.770
28.070
28.380
28.680
28.980
29.280
29.580
29.880
