0.100
0.400
0.710
1.010
1.310
1.600
1.920
2.230
2.540
2.850
3.160
3.440
3.730
4.030
4.320
4.600
4.900
5.190
5.480
5.770
6.080
6.370
6.680
6.980
7.280
7.580
7.880
8.170
8.470
8.770
9.080
9.370
9.660
9.950
10.250
10.540
10.840
11.140
11.440
11.740
12.050
12.350
12.650
12.950
13.260
13.570
13.880
14.190
14.490
14.790
15.100
15.400
15.700
16.020
16.320
16.630
16.950
17.260
17.570
17.880
18.190
18.500
18.800
19.110
19.420
19.730
20.030
20.320
20.620
20.920
21.220
21.530
21.830
22.130
22.440
22.750
23.060
23.370
23.680
23.980
24.290
24.600
24.920
25.220
25.520
25.830
26.130
26.440
26.750
27.060
27.370
27.680
27.990
28.300
28.610
28.920
29.240
29.550
29.860
