0.180
0.550
0.930
1.290
1.650
2.020
2.380
2.760
3.120
3.490
3.860
4.230
4.590
4.960
5.330
5.680
6.070
6.430
6.800
7.160
7.530
7.900
8.260
8.630
8.990
9.370
9.740
10.100
10.470
10.840
11.190
11.560
11.910
12.280
12.640
13.000
13.380
13.740
14.110
14.480
14.840
15.200
15.570
15.930
16.300
16.650
17.010
17.370
17.740
18.100
18.480
18.860
19.230
19.590
19.950
20.320
20.680
21.050
21.430
21.790
22.160
22.520
22.880
23.240
23.610
23.970
24.350
24.720
25.090
25.460
25.800
26.190
26.550
26.930
27.290
27.670
28.030
28.400
28.760
29.130
29.490
29.870
30.220
