0.020
0.330
0.660
0.970
1.290
1.590
1.910
2.210
2.530
2.850
3.160
3.490
3.800
4.110
4.420
4.730
5.050
5.370
5.680
6.010
6.320
6.640
6.950
7.260
7.570
7.880
8.200
8.500
8.820
9.130
9.440
9.760
10.080
10.390
10.710
11.030
11.350
11.680
11.990
12.310
12.640
12.940
13.250
13.560
13.880
14.200
14.510
14.840
15.140
15.460
15.770
16.080
16.380
16.710
17.030
17.340
17.660
17.970
18.290
18.600
18.920
19.240
19.570
19.880
20.200
20.520
20.840
21.150
21.460
21.780
22.100
22.410
22.730
23.050
23.360
23.670
23.980
24.290
24.610
24.930
25.250
25.560
25.880
26.190
26.490
26.810
27.130
27.440
27.760
28.080
28.400
28.710
29.030
29.340
29.650
29.960
