0.020
0.370
0.730
1.100
1.460
1.840
2.200
2.570
2.940
3.310
3.680
4.040
4.410
4.780
5.150
5.520
5.890
6.260
6.640
7.010
7.380
7.740
8.110
8.470
8.830
9.200
9.560
9.930
10.300
10.660
11.030
11.390
11.760
12.130
12.490
12.860
13.220
13.590
13.950
14.310
14.670
15.040
15.400
15.770
16.130
16.490
16.850
17.210
17.570
17.930
18.290
18.640
19.020
19.380
19.750
20.110
20.480
20.850
21.210
21.570
21.940
22.300
22.660
23.030
23.390
23.760
24.130
24.490
24.860
25.220
25.590
25.950
26.320
26.690
27.050
27.420
27.790
28.160
28.520
28.870
29.230
29.590
29.960
