0.060
0.390
0.730
1.070
1.410
1.740
2.090
2.420
2.760
3.100
3.450
3.790
4.130
4.460
4.810
5.150
5.490
5.840
6.190
6.530
6.880
7.220
7.560
7.900
8.250
8.590
8.930
9.270
9.610
9.940
10.290
10.620
10.970
11.310
11.640
11.980
12.320
12.660
13.010
13.340
13.690
14.030
14.370
14.710
15.050
15.390
15.730
16.070
16.410
16.750
17.090
17.430
17.770
18.100
18.440
18.790
19.130
19.470
19.810
20.150
20.490
20.830
21.170
21.510
21.860
22.200
22.540
22.890
23.240
23.580
23.930
24.260
24.610
24.940
25.290
25.620
25.960
26.300
26.640
26.980
27.320
27.660
28.000
28.330
28.670
29.010
29.350
29.680
30.010
