0.080
0.420
0.750
1.090
1.420
1.750
2.090
2.420
2.760
3.100
3.440
3.770
4.100
4.440
4.770
5.110
5.440
5.780
6.120
6.450
6.780
7.110
7.450
7.780
8.120
8.460
8.800
9.130
9.460
9.800
10.130
10.470
10.800
11.140
11.470
11.810
12.140
12.470
12.810
13.140
13.480
13.820
14.160
14.490
14.830
15.160
15.490
15.830
16.160
16.500
16.830
17.160
17.500
17.830
18.170
18.500
18.840
19.180
19.510
19.850
20.190
20.520
20.850
21.190
21.520
21.860
22.200
22.530
22.860
23.190
23.530
23.870
24.200
24.540
24.880
25.210
25.550
25.880
26.220
26.550
26.880
27.220
27.560
27.890
28.220
28.550
28.890
29.230
29.560
29.900
