0.030
0.420
0.800
1.200
1.590
2.000
2.400
2.810
3.220
3.620
4.030
4.430
4.850
5.240
5.630
6.040
6.450
6.860
7.260
7.670
8.070
8.460
8.850
9.260
9.670
10.060
10.450
10.860
11.250
11.660
12.050
12.450
12.850
13.260
13.650
14.050
14.450
14.840
15.240
15.640
16.050
16.460
16.860
17.260
17.660
18.060
18.450
18.860
19.250
19.650
20.050
20.450
20.860
21.260
21.670
22.080
22.490
22.880
23.290
23.690
24.090
24.490
24.890
25.290
25.700
26.100
26.500
26.890
27.280
27.690
28.080
28.480
28.890
29.300
29.700
