0.010
0.380
0.740
1.100
1.460
1.820
2.190
2.550
2.920
3.290
3.650
4.010
4.380
4.750
5.110
5.480
5.840
6.210
6.570
6.940
7.300
7.660
8.030
8.390
8.750
9.120
9.480
9.840
10.210
10.580
10.950
11.310
11.680
12.040
12.400
12.770
13.140
13.500
13.870
14.240
14.600
14.970
15.340
15.690
16.050
16.420
16.790
17.150
17.520
17.880
18.230
18.590
18.960
19.330
19.710
20.070
20.430
20.800
21.170
21.530
21.890
22.260
22.620
22.990
23.360
23.720
24.090
24.450
24.820
25.180
25.540
25.910
26.280
26.640
27.010
27.370
27.740
28.100
28.460
28.820
29.180
29.560
29.920
