0.010
0.380
0.760
1.150
1.540
1.920
2.310
2.700
3.080
3.470
3.850
4.240
4.630
5.010
5.390
5.770
6.160
6.550
6.930
7.310
7.700
8.080
8.460
8.840
9.220
9.600
9.990
10.370
10.760
11.140
11.520
11.890
12.290
12.680
13.060
13.450
13.830
14.210
14.590
14.970
15.360
15.750
16.140
16.530
16.910
17.290
17.660
18.020
18.390
18.780
19.160
19.540
19.910
20.280
20.650
21.020
21.400
21.780
22.150
22.520
22.890
23.250
23.620
23.970
24.350
24.710
25.080
25.440
25.820
26.180
26.560
26.910
27.280
27.660
28.030
28.420
28.790
29.180
29.560
29.950
