0.030
0.380
0.740
1.090
1.430
1.780
2.120
2.470
2.810
3.160
3.510
3.860
4.210
4.560
4.900
5.250
5.600
5.950
6.290
6.650
6.990
7.340
7.680
8.030
8.370
8.730
9.070
9.420
9.770
10.120
10.470
10.810
11.160
11.510
11.850
12.200
12.550
12.900
13.260
13.610
13.950
14.300
14.650
15.010
15.360
15.710
16.060
16.420
16.770
17.120
17.460
17.810
18.150
18.510
18.850
19.200
19.560
19.900
20.250
20.600
20.960
21.310
21.670
22.020
22.370
22.730
23.080
23.430
23.780
24.130
24.470
24.820
25.170
25.520
25.860
26.220
26.560
26.920
27.270
27.610
27.960
28.320
28.660
29.010
29.360
29.710
