0.040
0.400
0.770
1.130
1.480
1.830
2.170
2.520
2.870
3.220
3.570
3.930
4.300
4.670
5.000
5.360
5.710
6.060
6.420
6.760
7.110
7.460
7.800
8.150
8.490
8.840
9.180
9.500
9.850
10.200
10.560
10.920
11.300
11.650
12.020
12.390
12.750
13.100
13.480
13.850
14.220
14.580
14.950
15.320
15.690
16.050
16.430
16.770
17.140
17.510
17.860
18.230
18.590
18.940
19.320
19.690
20.050
20.410
20.790
21.150
21.520
21.890
22.230
22.580
22.910
23.250
23.610
23.960
24.300
24.660
25.020
25.370
25.720
26.070
26.410
26.740
27.100
27.430
27.770
28.100
28.450
28.790
29.140
29.480
29.820
