0.210
0.590
0.970
1.340
1.730
2.090
2.470
2.860
3.240
3.620
4.000
4.380
4.770
5.160
5.540
5.910
6.290
6.650
7.030
7.400
7.800
8.200
8.580
8.950
9.320
9.690
10.080
10.460
10.840
11.240
11.620
11.990
12.380
12.770
13.150
13.530
13.910
14.280
14.670
15.030
15.400
15.770
16.160
16.520
16.880
17.270
17.640
18.010
18.380
18.750
19.120
19.480
19.860
20.220
20.590
20.960
21.330
21.700
22.060
22.430
22.800
23.160
23.530
23.910
24.280
24.650
25.020
25.390
25.760
26.130
26.500
26.860
27.220
27.580
27.970
28.330
28.710
29.070
29.440
29.800
