0.200
0.530
0.870
1.190
1.530
1.860
2.200
2.530
2.870
3.190
3.530
3.850
4.190
4.530
4.860
5.190
5.530
5.870
6.210
6.540
6.880
7.200
7.550
7.870
8.210
8.520
8.860
9.190
9.530
9.850
10.200
10.520
10.870
11.190
11.530
11.850
12.190
12.520
12.870
13.200
13.540
13.860
14.200
14.530
14.870
15.190
15.540
15.860
16.210
16.530
16.870
17.190
17.520
17.850
18.200
18.540
18.880
19.200
19.540
19.860
20.210
20.530
20.870
21.200
21.540
21.860
22.210
22.530
22.870
23.190
23.520
23.860
24.200
24.530
24.870
25.200
25.540
25.860
26.190
26.520
26.870
27.190
27.530
27.860
28.200
28.520
28.860
29.190
29.530
29.860
