0.300
0.690
1.090
1.470
1.870
2.270
2.670
3.060
3.460
3.860
4.260
4.640
5.050
5.440
5.830
6.230
6.620
7.020
7.420
7.810
8.200
8.600
8.990
9.380
9.770
10.170
10.570
10.950
11.360
11.760
12.150
12.540
12.940
13.340
13.730
14.120
14.520
14.920
15.310
15.690
16.080
16.480
16.880
17.270
17.670
18.060
18.450
18.840
19.240
19.640
20.030
20.410
20.820
21.220
21.610
22.010
22.400
22.790
23.190
23.570
23.970
24.370
24.760
25.140
25.530
25.950
26.340
26.740
27.120
27.520
27.920
28.300
28.680
29.070
29.470
29.850
