0.050
0.440
0.820
1.200
1.580
1.970
2.360
2.760
3.150
3.530
3.930
4.320
4.730
5.130
5.540
5.930
6.330
6.720
7.120
7.510
7.910
8.310
8.710
9.100
9.500
9.880
10.280
10.660
11.050
11.450
11.840
12.230
12.620
13.010
13.400
13.790
14.180
14.580
14.960
15.350
15.750
16.130
16.510
16.900
17.290
17.680
18.090
18.490
18.880
19.280
19.690
20.080
20.480
20.850
21.240
21.630
22.000
22.380
22.780
23.160
23.550
23.940
24.340
24.740
25.130
25.520
25.910
26.300
26.690
27.060
27.450
27.820
28.210
28.600
28.970
29.350
29.730
