0.000
0.300
0.600
0.910
1.200
1.500
1.800
2.110
2.420
2.730
3.040
3.350
3.660
3.960
4.270
4.580
4.890
5.200
5.510
5.820
6.130
6.450
6.760
7.070
7.370
7.680
7.980
8.290
8.600
8.910
9.220
9.530
9.830
10.140
10.450
10.760
11.070
11.370
11.680
11.980
12.290
12.600
12.910
13.220
13.530
13.850
14.160
14.470
14.770
15.080
15.390
15.700
16.020
16.320
16.640
16.940
17.250
17.560
17.870
18.180
18.490
18.800
19.110
19.410
19.720
20.020
20.330
20.640
20.950
21.260
21.570
21.880
22.190
22.490
22.800
23.110
23.420
23.730
24.040
24.340
24.650
24.950
25.260
25.570
25.880
26.190
26.490
26.800
27.110
27.430
27.730
28.040
28.350
28.660
28.970
29.270
29.560
29.870
