0.200
0.560
0.920
1.270
1.640
2.000
2.360
2.720
3.070
3.440
3.800
4.150
4.520
4.880
5.230
5.580
5.950
6.310
6.660
7.020
7.370
7.740
8.090
8.450
8.810
9.150
9.510
9.860
10.230
10.590
10.950
11.290
11.660
12.020
12.380
12.730
13.080
13.440
13.800
14.160
14.500
14.870
15.230
15.590
15.950
16.320
16.660
17.030
17.380
17.740
18.090
18.460
18.820
19.180
19.530
19.890
20.250
20.610
20.970
21.330
21.690
22.060
22.410
22.770
23.120
23.490
23.850
24.210
24.560
24.930
25.290
25.640
26.000
26.370
26.730
27.090
27.440
27.810
28.160
28.520
28.880
29.240
29.600
29.940
