0.230
0.590
0.990
1.370
1.730
2.120
2.500
2.890
3.260
3.650
4.040
4.440
4.810
5.220
5.590
5.990
6.370
6.760
7.170
7.580
7.950
8.350
8.730
9.130
9.520
9.900
10.290
10.700
11.070
11.450
11.820
12.210
12.610
13.000
13.410
13.820
14.200
14.610
14.990
15.390
15.770
16.160
16.540
16.950
17.330
17.710
18.100
18.500
18.890
19.310
19.730
20.140
20.550
20.950
21.350
21.760
22.140
22.550
22.950
23.350
23.740
24.130
24.520
24.930
25.310
25.720
26.110
26.520
26.910
27.290
27.690
28.090
28.510
28.900
29.300
29.710
