0.290
0.660
1.000
1.350
1.680
2.040
2.380
2.720
3.050
3.410
3.750
4.090
4.420
4.770
5.110
5.450
5.780
6.120
6.470
6.820
7.140
7.500
7.850
8.200
8.520
8.870
9.210
9.560
9.890
10.220
10.560
10.880
11.200
11.540
11.890
12.240
12.560
12.920
13.260
13.610
13.940
14.280
14.620
14.960
15.290
15.630
15.980
16.320
16.670
17.020
17.360
17.720
18.050
18.420
18.760
19.100
19.430
19.770
20.110
20.450
20.800
21.140
21.480
21.820
22.170
22.510
22.840
23.190
23.540
23.900
24.240
24.590
24.930
25.290
25.620
25.980
26.320
26.680
27.010
27.370
27.710
28.060
28.380
28.730
29.060
29.400
29.740
