0.350
0.730
1.120
1.530
1.940
2.320
2.730
3.120
3.530
3.920
4.330
4.720
5.120
5.510
5.890
6.280
6.690
7.080
7.490
7.880
8.280
8.670
9.040
9.450
9.850
10.250
10.650
11.040
11.440
11.840
12.240
12.630
13.050
13.440
13.850
14.230
14.630
15.010
15.400
15.810
16.220
16.610
17.010
17.400
17.800
18.180
18.560
18.980
19.380
19.770
20.180
20.580
20.970
21.370
21.770
22.160
22.570
22.970
23.370
23.760
24.150
24.540
24.930
25.320
25.720
26.120
26.520
26.910
27.310
27.700
28.100
28.500
28.910
29.310
29.720
