0.260
0.550
0.820
1.100
1.390
1.670
1.950
2.240
2.530
2.810
3.100
3.380
3.660
3.950
4.230
4.510
4.780
5.070
5.350
5.630
5.910
6.200
6.490
6.770
7.050
7.340
7.620
7.900
8.180
8.470
8.750
9.030
9.310
9.600
9.870
10.160
10.440
10.720
11.010
11.290
11.580
11.870
12.150
12.440
12.710
13.000
13.280
13.560
13.840
14.130
14.420
14.700
14.980
15.270
15.550
15.830
16.110
16.400
16.690
16.970
17.250
17.530
17.820
18.090
18.370
18.660
18.940
19.220
19.510
19.800
20.080
20.370
20.650
20.930
21.220
21.500
21.780
22.060
22.330
22.610
22.910
23.190
23.480
23.760
24.040
24.320
24.600
24.890
25.170
25.450
25.730
26.010
26.300
26.590
26.870
27.150
27.430
27.720
28.000
28.270
28.560
28.850
29.140
29.410
29.690
29.980
