0.030
0.440
0.830
1.220
1.620
2.020
2.410
2.810
3.200
3.620
4.010
4.410
4.800
5.220
5.610
6.020
6.410
6.830
7.220
7.630
8.010
8.430
8.820
9.220
9.620
10.010
10.420
10.830
11.230
11.620
12.030
12.430
12.830
13.220
13.620
14.020
14.420
14.810
15.210
15.610
16.010
16.410
16.830
17.230
17.630
18.020
18.430
18.830
19.230
19.620
20.030
20.420
20.830
21.220
21.620
22.020
22.430
22.820
23.220
23.620
24.030
24.430
24.830
25.230
25.630
26.020
26.430
26.830
27.230
27.620
28.020
28.430
28.840
29.220
29.630
