0.040
0.420
0.810
1.190
1.590
1.990
2.370
2.760
3.150
3.540
3.930
4.310
4.710
5.090
5.480
5.870
6.270
6.660
7.040
7.430
7.820
8.200
8.590
8.970
9.370
9.750
10.140
10.540
10.930
11.310
11.700
12.090
12.500
12.880
13.270
13.660
14.060
14.450
14.840
15.230
15.610
16.010
16.390
16.780
17.180
17.560
17.950
18.340
18.750
19.130
19.520
19.910
20.310
20.690
21.090
21.470
21.880
22.270
22.660
23.040
23.430
23.830
24.220
24.610
25.010
25.390
25.780
26.160
26.570
26.950
27.340
27.730
28.130
28.520
28.910
29.300
29.700
