0.110
0.500
0.900
1.310
1.710
2.120
2.520
2.930
3.310
3.720
4.110
4.540
4.940
5.350
5.760
6.150
6.560
6.970
7.380
7.770
8.170
8.570
8.980
9.390
9.780
10.190
10.590
10.990
11.400
11.800
12.180
12.610
13.010
13.410
13.810
14.220
14.620
15.030
15.430
15.840
16.250
16.650
17.040
17.460
17.860
18.250
18.660
19.070
19.470
19.870
20.270
20.680
21.080
21.480
21.890
22.300
22.700
23.110
23.500
23.900
24.300
24.700
25.110
25.520
25.930
26.330
26.730
27.130
27.540
27.920
28.330
28.750
29.150
29.560
29.970
