0.000
0.570
1.150
1.730
2.310
2.890
3.470
4.040
4.620
5.190
5.770
6.350
6.930
7.510
8.100
8.680
9.260
9.830
10.420
11.020
11.600
12.220
12.810
13.390
13.980
14.580
15.190
15.780
16.390
16.980
17.550
18.110
18.690
19.290
19.890
20.490
21.090
21.670
22.250
22.820
23.410
23.990
24.570
25.150
25.750
26.320
26.890
27.480
28.060
28.640
29.210
29.780
30.360
30.920
31.480
32.060
32.630
33.190
33.750
34.310
34.890
35.450
36.010
36.570
37.120
37.680
38.240
38.770
39.330
39.880
40.440
41.000
41.550
42.110
42.660
43.200
43.770
44.320
