0.030
0.520
1.000
1.490
1.970
2.460
2.930
3.430
3.900
4.400
4.870
5.370
5.840
6.330
6.800
7.300
7.770
8.260
8.750
9.230
9.720
10.210
10.680
11.170
11.650
12.130
12.600
13.100
13.580
14.070
14.540
15.040
15.530
16.020
16.500
16.980
17.460
17.940
18.430
18.920
19.390
19.870
20.370
20.860
21.330
21.820
22.290
22.770
23.260
23.750
24.210
24.710
25.190
25.680
26.160
26.650
27.120
27.620
28.090
28.580
29.070
29.560
30.030
30.520
31.000
31.490
31.970
32.460
32.930
33.430
33.910
34.400
34.860
35.360
35.840
36.330
36.810
37.300
37.780
38.270
38.740
39.230
39.710
40.190
40.670
41.160
41.640
42.130
42.610
43.100
43.580
44.070
44.560
45.040
45.520
46.010
46.510
46.990
47.470
47.960
48.440
48.920
49.420
49.880
50.370
50.850
51.340
51.820
52.300
52.780
53.260
53.760
54.230
54.710
55.190
55.680
56.160
56.650
57.120
57.620
58.100
58.590
59.060
59.560
60.040
