0.330
1.000
1.660
2.350
3.010
3.740
4.400
5.060
5.730
6.410
7.100
7.790
8.500
9.170
9.830
10.520
11.220
11.930
12.650
13.330
14.010
14.730
15.400
16.090
16.790
17.480
18.130
18.840
19.510
20.200
20.860
21.550
22.220
22.890
23.560
24.250
24.890
25.590
26.230
26.890
27.570
28.230
28.910
29.600
30.270
30.910
31.570
32.250
32.900
33.540
34.190
34.840
35.500
36.150
36.820
37.480
38.160
38.810
39.480
40.130
40.800
41.440
42.070
42.730
43.370
43.980
44.630
45.260
45.900
46.540
47.190
47.850
48.470
49.120
49.780
50.440
51.070
