0.410
0.880
1.340
1.800
2.270
2.740
3.200
3.650
4.110
4.580
5.040
5.490
5.950
6.400
6.870
7.310
7.780
8.230
8.690
9.160
9.610
10.070
10.530
10.980
11.450
11.890
12.350
12.800
13.270
13.720
14.190
14.640
15.100
15.550
16.000
16.450
16.920
17.350
17.820
18.260
18.700
19.170
19.600
20.060
20.500
20.970
21.450
21.930
22.370
22.850
23.300
23.760
24.210
24.670
25.120
25.570
26.010
26.450
26.890
27.340
27.780
28.230
28.680
29.130
29.580
30.040
30.500
30.950
31.400
31.850
32.310
32.750
33.200
33.650
34.090
34.540
34.990
35.440
35.890
36.340
36.780
37.240
37.690
38.140
38.580
39.030
39.490
39.920
40.360
40.810
41.250
41.690
42.140
42.560
43.020
43.460
43.910
44.360
44.820
45.260
45.720
46.180
46.660
47.120
47.570
48.020
48.500
