0.400
0.870
1.330
1.790
2.250
2.720
3.190
3.660
4.120
4.590
5.050
5.510
5.980
6.450
6.910
7.370
7.830
8.300
8.750
9.210
9.680
10.150
10.610
11.080
11.540
12.000
12.460
12.930
13.390
13.840
14.290
14.750
15.220
15.680
16.140
16.620
17.070
17.540
17.990
18.460
18.910
19.380
19.830
20.300
20.760
21.220
21.690
22.150
22.620
23.080
23.550
24.010
24.470
24.940
25.400
25.880
26.340
26.800
27.260
27.730
28.190
28.660
29.130
29.600
30.060
30.540
31.000
31.470
31.920
32.390
32.830
33.290
33.750
34.220
34.690
35.160
35.630
36.110
36.570
37.050
37.520
37.990
38.450
38.920
39.380
39.850
40.310
40.780
41.250
41.720
42.190
42.660
43.130
43.610
44.080
44.550
45.020
45.490
45.960
46.430
46.900
47.360
47.830
48.290
48.770
49.230
49.710
50.170
50.640
51.120
51.590
52.060
52.520
52.990
53.450
53.920
54.390
54.850
55.320
55.800
56.250
56.720
57.190
57.650
58.120
58.580
59.040
59.510
59.960
60.430
60.890
61.370
61.830
62.300
62.770
63.250
63.710
64.200
