0.590
1.280
1.990
2.690
3.380
4.070
4.760
5.450
6.130
6.810
7.490
8.180
8.900
9.660
10.450
11.170
11.870
12.560
13.260
13.950
14.640
15.330
16.010
16.710
17.410
18.090
18.790
19.480
20.180
20.870
21.560
22.250
22.940
23.620
24.290
24.990
25.720
26.500
27.240
27.930
28.620
29.310
30.000
30.710
31.400
32.090
32.780
33.480
34.180
34.910
35.660
36.370
37.050
37.740
38.430
39.110
39.790
40.480
41.160
41.850
42.540
43.240
43.930
44.630
45.320
46.010
46.700
47.390
48.080
48.750
49.430
50.120
50.840
51.610
52.320
53.020
53.700
54.400
55.070
