0.020
0.320
0.610
0.920
1.210
1.520
1.810
2.100
2.390
2.680
2.960
3.250
3.550
3.840
4.120
4.420
4.700
4.980
5.280
5.560
5.860
6.140
6.440
6.730
7.020
7.310
7.590
7.890
8.180
8.460
8.760
9.050
9.350
9.640
9.940
10.240
10.540
10.830
11.120
11.410
11.700
12.000
12.290
12.580
12.870
13.160
13.440
13.740
14.030
14.300
14.600
14.890
15.180
15.470
15.750
16.040
16.340
16.620
16.910
17.200
17.490
17.770
18.040
18.330
18.600
18.880
19.160
19.460
19.740
20.020
20.310
20.590
20.870
21.160
21.450
21.740
22.030
22.310
22.600
22.880
23.170
23.440
23.730
24.010
24.300
24.580
24.870
25.160
25.440
25.720
26.000
26.290
26.570
26.850
27.130
27.420
27.710
27.990
28.280
28.570
28.870
29.160
29.440
29.730
30.020
30.310
30.590
30.870
31.150
31.440
31.720
32.010
32.290
32.580
32.870
33.160
33.440
33.720
34.010
34.290
34.580
34.860
35.150
35.450
35.740
36.030
36.320
36.610
36.900
37.190
37.470
37.760
38.050
38.350
38.630
38.920
39.210
39.500
39.790
40.080
40.360
40.640
40.930
41.210
41.480
41.770
42.050
42.320
42.610
42.900
43.190
43.480
43.770
44.060
44.340
44.630
44.920
45.210
45.500
45.790
46.070
46.350
46.630
46.920
47.200
47.480
47.760
48.040
48.320
48.600
48.880
49.160
49.440
49.720
50.000
50.280
50.560
50.840
51.120
51.400
51.680
51.950
52.230
52.510
52.790
53.070
53.350
53.630
53.910
54.190
54.470
54.750
55.030
55.310
55.590
55.870
56.150
56.430
56.710
56.990
57.270
57.550
