0.110
0.830
1.580
2.330
3.030
3.760
4.510
5.250
5.990
6.720
7.500
8.250
9.010
9.720
10.460
11.200
11.940
12.650
13.400
14.150
14.870
15.620
16.350
17.100
17.870
18.600
19.340
20.100
20.850
21.580
22.320
23.070
23.790
24.530
25.270
26.000
26.750
27.480
28.240
29.010
29.750
30.510
31.320
32.130
32.950
33.730
34.490
35.280
36.130
37.010
37.760
38.530
39.280
40.030
40.800
41.580
42.330
43.080
43.800
44.540
45.290
46.100
46.870
47.650
48.430
49.170
49.910
50.670
51.440
52.190
52.940
53.670
54.460
55.190
55.920
