0.020
0.660
1.320
1.970
2.650
3.300
3.970
4.630
5.240
5.890
6.550
7.190
7.870
8.510
9.180
9.820
10.470
11.150
11.770
12.420
13.050
13.700
14.320
14.950
15.570
16.220
16.830
17.470
18.100
18.710
19.340
19.960
20.580
21.210
21.830
22.450
23.070
23.690
24.290
24.920
25.530
26.170
26.770
27.390
28.010
28.630
29.250
29.850
30.470
31.090
31.710
32.310
32.940
33.560
34.150
34.780
35.390
36.010
36.620
37.240
37.870
38.470
39.080
39.700
40.300
40.920
41.540
42.150
42.750
43.380
43.990
44.600
45.210
45.820
46.420
47.040
47.640
48.260
48.850
49.450
50.040
50.620
51.200
51.790
52.390
53.010
53.620
54.220
54.820
55.420
56.010
