0.210
0.580
0.950
1.340
1.720
2.100
2.510
2.890
3.280
3.660
4.040
4.420
4.800
5.180
5.570
5.940
6.320
6.700
7.080
7.450
7.830
8.200
8.570
8.950
9.330
9.720
10.080
10.460
10.830
11.210
11.580
11.960
12.330
12.710
13.090
13.450
13.820
14.190
14.570
14.950
15.320
15.690
16.070
16.440
16.800
17.180
17.550
17.930
18.300
18.680
19.060
19.430
19.810
20.180
20.560
20.930
21.310
21.690
22.070
22.440
22.810
23.170
23.550
23.930
24.310
24.680
25.050
25.430
25.800
26.170
26.550
26.930
27.310
27.680
28.050
28.430
28.800
29.170
29.540
29.930
30.290
30.660
31.030
31.410
31.780
32.150
32.510
32.880
33.250
33.620
33.980
34.360
34.730
35.110
35.460
35.830
36.210
36.670
37.170
37.660
38.150
38.630
39.120
39.600
40.090
40.590
41.070
41.550
42.060
42.550
43.020
43.530
44.010
44.490
44.990
45.480
45.990
46.450
