0.240
0.610
0.980
1.350
1.720
2.100
2.460
2.810
3.170
3.540
3.900
4.280
4.640
5.010
5.390
5.750
6.120
6.490
6.860
7.240
7.620
7.990
8.370
8.770
9.140
9.520
9.920
10.290
10.680
11.060
11.450
11.830
12.220
12.610
13.010
13.390
13.770
14.160
14.540
14.930
15.310
15.700
16.090
16.480
16.870
17.260
17.640
18.030
18.410
18.800
19.190
19.570
19.960
20.360
20.740
21.120
21.510
21.910
22.310
22.700
23.090
23.480
23.860
24.270
24.660
25.060
25.450
25.850
26.220
26.620
27.010
27.410
27.800
28.190
28.580
28.960
29.360
29.750
30.120
30.500
30.870
31.250
31.640
32.020
32.390
32.770
33.150
33.540
33.910
34.290
34.670
35.050
35.410
35.800
36.180
36.560
36.930
37.320
37.690
38.070
38.460
38.840
39.220
39.600
39.970
40.360
40.740
41.120
41.500
41.890
42.280
42.670
43.040
43.440
43.810
44.190
44.560
44.960
45.330
45.710
46.090
46.500
46.890
47.300
47.700
48.100
48.500
48.890
49.290
