0.290
0.910
1.500
2.070
2.660
3.210
3.780
4.350
4.920
5.450
6.020
6.540
7.100
7.610
8.150
8.690
9.250
9.780
10.340
10.880
11.420
11.960
12.510
13.050
13.630
14.150
14.710
15.220
15.750
16.290
16.820
17.350
17.870
18.410
18.980
19.500
20.060
20.600
21.160
21.730
22.280
22.800
23.360
23.920
24.480
25.030
25.560
26.120
26.670
27.190
27.750
28.270
28.850
29.370
29.940
30.480
31.060
31.590
32.170
32.710
33.280
33.820
34.390
34.920
35.470
36.030
36.600
37.130
37.690
38.230
38.800
39.320
39.880
40.420
40.970
41.530
42.070
42.620
43.190
43.740
44.280
44.810
45.370
45.900
46.440
46.990
47.540
48.070
48.620
49.140
49.690
50.220
50.780
51.340
51.880
52.420
52.960
53.500
54.070
54.580
55.150
55.680
56.210
56.760
57.300
57.830
58.380
58.920
59.460
60.000
60.560
