0.910
1.580
2.270
2.930
3.640
4.320
4.890
5.420
5.960
6.530
7.070
7.580
8.120
8.690
9.220
9.740
10.260
10.760
11.310
11.820
12.340
12.860
13.530
14.180
14.860
15.500
16.160
16.840
17.580
18.280
18.970
19.650
20.460
21.260
22.040
22.820
23.620
24.410
25.350
26.200
27.270
28.310
29.370
30.480
31.470
32.440
33.070
33.730
34.350
34.940
35.570
36.140
36.690
37.230
37.810
38.370
38.940
39.500
40.040
40.620
41.130
41.660
42.170
42.680
43.230
43.780
44.300
44.880
45.410
45.950
46.550
47.120
47.750
48.350
48.940
49.540
50.060
50.620
51.160
51.740
52.340
52.900
53.490
54.040
54.620
55.210
55.780
56.320
57.030
57.850
58.630
59.460
60.340
61.210
62.050
62.850
63.690
64.550
65.330
66.310
67.200
68.200
69.170
70.200
71.240
72.330
73.370
74.430
75.440
76.530
77.620
78.680
79.720
80.780
81.850
82.920
84.050
