0.490
1.250
2.000
2.750
3.500
4.260
5.000
5.760
6.510
7.260
8.010
8.760
9.520
10.270
11.020
11.770
12.530
13.280
14.020
14.780
15.530
16.280
17.030
17.780
18.540
19.290
20.040
20.790
21.550
22.300
23.050
23.800
24.550
25.300
26.060
26.810
27.560
28.310
29.060
29.810
30.570
31.320
32.070
32.820
33.580
34.330
35.080
35.830
36.580
37.340
38.080
38.840
39.590
40.340
41.090
41.840
42.600
43.350
44.100
44.850
45.610
46.360
47.110
47.860
48.610
49.360
50.110
50.870
51.620
52.370
53.120
53.870
54.630
55.380
56.130
