0.290
1.070
1.890
2.650
3.360
4.100
4.840
5.540
6.260
6.980
7.690
8.400
9.080
9.800
10.530
11.280
11.990
12.720
13.450
14.150
14.850
15.570
16.290
17.000
17.740
18.440
19.160
19.870
20.570
21.270
21.960
22.680
23.390
24.090
24.790
25.520
26.280
27.000
27.780
28.500
29.200
29.930
30.660
31.340
32.040
32.750
33.480
34.200
34.890
35.620
36.310
37.020
37.770
38.500
39.260
39.970
40.680
41.370
42.100
42.820
43.510
44.250
44.990
45.670
46.400
47.170
47.870
48.600
49.320
50.060
50.770
51.490
52.230
52.950
