0.090
0.570
1.060
1.530
2.030
2.510
3.000
3.470
3.970
4.450
4.940
5.420
5.910
6.380
6.860
7.330
7.820
8.310
8.780
9.250
9.740
10.210
10.690
11.170
11.660
12.150
12.620
13.100
13.570
14.050
14.510
15.000
15.470
15.950
16.430
16.910
17.380
17.870
18.340
18.820
19.310
19.770
20.250
20.720
21.200
21.670
22.150
22.630
23.110
23.590
24.070
24.540
25.010
25.500
25.970
26.460
26.940
27.430
27.920
28.410
28.890
29.380
29.860
30.340
30.830
31.320
31.800
32.280
32.760
33.250
33.730
34.220
34.700
35.190
35.670
36.150
36.630
37.130
37.610
38.100
38.600
39.080
39.560
40.040
40.530
41.020
41.490
42.010
42.490
42.970
43.470
43.970
44.450
44.940
45.420
45.910
46.400
46.900
47.390
47.890
48.360
48.840
49.330
49.830
50.320
50.810
51.290
51.770
52.260
52.760
53.250
53.730
54.220
54.710
55.200
55.690
56.170
56.670
57.150
