0.040
0.670
1.290
1.920
2.540
3.170
3.810
4.420
5.040
5.680
6.290
6.910
7.540
8.170
8.800
9.420
10.040
10.670
11.290
11.910
12.550
13.180
13.800
14.430
15.060
15.690
16.280
16.910
17.530
18.180
18.800
19.420
20.050
20.690
21.310
21.940
22.550
23.160
23.800
24.440
25.060
25.670
26.300
26.910
27.540
28.180
28.800
29.420
30.040
30.670
31.290
31.920
32.540
33.190
33.820
34.440
35.070
35.700
36.310
36.940
37.560
38.180
38.810
39.430
40.050
40.670
41.290
41.910
42.530
43.150
43.800
44.440
45.050
45.700
46.330
46.950
47.570
48.200
48.830
49.450
50.070
50.700
51.320
51.940
52.570
53.190
53.800
54.400
55.020
55.630
56.240
56.860
57.470
58.090
58.730
59.350
