0.300
1.000
1.700
2.340
3.020
3.680
4.360
5.070
5.790
6.510
7.210
7.930
8.660
9.380
10.040
10.720
11.400
12.100
12.780
13.420
14.080
14.760
15.450
16.100
16.770
17.470
18.150
18.870
19.580
20.250
20.930
21.620
22.280
22.940
23.590
24.230
24.910
25.590
26.250
26.970
27.690
28.400
29.170
29.930
30.700
31.500
32.270
33.030
33.740
34.470
35.030
35.620
36.210
36.830
37.390
38.030
38.620
39.280
39.920
40.560
41.190
41.790
42.370
42.970
43.570
44.180
44.800
45.400
45.970
46.570
47.190
47.830
48.460
49.070
49.700
50.310
50.930
51.530
52.180
52.820
53.500
54.170
54.800
55.500
56.120
56.820
57.480
58.140
58.770
59.460
60.100
60.790
