0.070
0.490
0.890
1.290
1.710
2.110
2.510
2.910
3.320
3.730
4.140
4.550
4.950
5.370
5.750
6.160
6.580
6.990
7.410
7.810
8.210
8.630
9.040
9.440
9.850
10.280
10.700
11.100
11.520
11.950
12.370
12.800
13.210
13.600
14.030
14.420
14.830
15.250
15.690
16.100
16.500
16.900
17.310
17.730
18.130
18.560
18.970
19.380
19.800
20.210
20.610
21.010
21.420
21.830
22.260
22.670
23.090
23.500
23.910
24.320
24.720
25.150
25.580
26.000
26.400
26.830
27.230
27.630
28.040
28.480
28.900
29.300
29.730
30.160
30.570
30.990
31.400
31.830
32.250
32.670
33.160
33.640
34.130
34.550
34.970
35.390
35.810
36.230
36.660
37.070
37.500
37.940
38.390
38.810
39.250
39.680
40.110
40.540
40.990
41.420
41.850
42.280
42.710
43.130
43.560
43.980
44.410
44.850
45.290
45.710
46.150
46.580
47.010
47.430
47.860
48.270
48.700
49.080
49.460
49.870
50.240
50.670
51.070
51.490
51.900
52.330
52.750
53.150
53.590
54.000
54.420
54.830
55.250
55.680
56.100
56.510
56.930
57.360
