0.020
0.480
0.940
1.410
1.860
2.330
2.800
3.270
3.730
4.200
4.660
5.140
5.590
6.050
6.520
6.990
7.450
7.920
8.390
8.860
9.320
9.780
10.250
10.710
11.170
11.640
12.100
12.580
13.030
13.500
13.970
14.440
14.900
15.370
15.830
16.300
16.750
17.220
17.690
18.160
18.620
19.080
19.550
20.020
20.470
20.940
21.410
21.880
22.340
22.810
23.270
23.740
24.190
24.660
25.120
25.600
26.060
26.530
26.990
27.460
27.920
28.400
28.850
29.320
29.780
30.250
30.710
31.180
31.640
32.110
32.570
33.040
33.510
33.980
34.430
34.910
35.350
35.830
36.300
36.760
37.220
37.690
38.150
38.620
39.080
39.550
40.020
40.490
40.950
41.410
41.880
42.340
42.800
43.270
43.740
44.210
44.670
45.140
45.600
46.070
46.530
47.000
47.460
47.930
48.390
48.860
49.320
49.790
50.250
50.710
51.180
