0.180
0.650
1.120
1.590
2.100
2.570
3.060
3.540
4.020
4.490
4.970
5.450
5.930
6.420
6.900
7.370
7.850
8.330
8.790
9.270
9.760
10.250
10.750
11.230
11.680
12.160
12.640
13.130
13.600
14.060
14.540
15.020
15.490
15.960
16.450
16.940
17.420
17.910
18.380
18.870
19.350
19.830
20.300
20.770
21.250
21.730
22.220
22.700
23.160
23.640
24.130
24.600
25.070
25.540
26.010
26.500
26.970
27.430
27.910
28.390
28.870
29.340
29.810
30.290
30.760
31.240
31.710
32.180
32.640
33.110
33.570
34.060
34.520
34.990
35.480
35.960
36.420
36.890
37.360
37.810
38.270
38.740
39.220
39.690
40.160
40.630
41.110
41.580
42.050
42.520
43.000
43.480
43.950
44.440
44.910
45.390
45.860
46.320
46.800
47.290
47.760
48.250
48.710
49.190
49.670
50.150
50.610
51.080
51.570
52.050
52.530
52.990
