0.380
1.000
1.590
2.170
2.740
3.300
3.880
4.480
5.030
5.610
6.170
6.750
7.330
7.920
8.490
9.040
9.630
10.180
10.730
11.300
11.880
12.410
12.900
13.350
13.830
14.380
14.920
15.450
15.990
16.550
17.140
17.700
18.270
18.820
19.380
19.910
20.450
21.040
21.640
22.190
22.730
23.270
23.810
24.340
24.900
25.430
25.990
26.530
27.060
27.590
28.120
28.680
29.230
29.780
30.330
30.900
31.450
32.000
32.530
33.090
33.620
34.220
34.820
35.410
35.960
36.480
37.030
37.620
38.180
38.740
39.290
39.830
40.390
40.950
41.530
42.100
42.660
43.190
43.790
44.340
44.940
45.520
46.060
46.600
47.130
47.670
48.210
48.760
49.320
49.900
50.450
51.000
51.580
52.110
52.670
53.250
