0.640
1.360
2.070
2.790
3.500
4.220
4.930
5.650
6.350
7.050
7.770
8.490
9.200
9.900
10.630
11.320
12.050
12.760
13.490
14.180
14.910
15.620
16.340
17.040
17.760
18.470
19.190
19.910
20.620
21.330
22.060
22.760
23.490
24.190
24.920
25.620
26.350
27.040
27.760
28.460
29.190
29.880
30.610
31.320
32.040
32.740
33.460
34.170
34.890
35.590
36.320
37.020
37.750
38.450
39.180
39.890
40.590
41.300
42.020
42.730
43.440
44.160
44.870
45.580
46.290
47.000
47.740
48.440
49.150
49.850
50.570
51.290
52.010
52.720
53.450
54.160
54.870
55.570
56.290
57.010
57.730
58.440
59.160
59.850
