0.190
0.820
1.450
2.080
2.700
3.320
3.960
4.580
5.200
5.830
6.450
7.070
7.690
8.320
8.940
9.570
10.190
10.820
11.450
12.060
12.690
13.310
13.950
14.560
15.190
15.810
16.450
17.060
17.690
18.310
18.950
19.560
20.190
20.810
21.450
22.060
22.690
23.320
23.950
24.560
25.190
25.810
26.450
27.060
27.690
28.310
28.940
29.560
30.190
30.810
31.440
32.060
32.690
33.320
33.940
34.560
35.190
35.810
36.440
37.060
37.690
38.320
38.950
39.560
40.190
40.820
41.450
42.060
42.690
43.310
43.940
44.560
45.190
45.820
46.440
47.060
47.690
48.320
48.950
49.560
50.190
50.820
51.440
52.070
52.700
53.330
53.950
54.560
55.190
55.820
56.440
57.060
57.690
58.310
58.930
59.560
60.190
60.810
61.450
62.060
62.690
