0.400
0.950
1.500
2.040
2.580
3.130
3.680
4.220
4.760
5.310
5.860
6.400
6.940
7.490
8.040
8.570
9.120
9.660
10.210
10.750
11.290
11.840
12.390
12.930
13.470
14.020
14.570
15.110
15.650
16.200
16.740
17.290
17.830
18.380
18.930
19.470
20.010
20.560
21.110
21.650
22.190
22.740
23.290
23.830
24.370
24.920
25.470
26.010
26.550
27.090
27.650
28.180
28.730
29.280
29.830
30.370
30.910
31.460
32.010
32.550
33.090
33.630
34.190
34.720
35.260
35.810
36.370
36.900
37.450
37.990
38.550
39.080
39.620
40.170
40.720
41.260
41.810
42.350
42.900
43.440
43.980
44.530
45.080
45.620
46.160
46.710
47.260
47.800
48.340
48.890
49.440
49.980
50.520
51.070
51.620
52.160
52.700
53.250
53.810
54.340
54.880
55.430
55.980
56.520
57.060
57.610
58.160
58.700
59.240
59.790
60.340
60.870
61.420
61.960
