0.480
0.970
1.480
1.990
2.510
3.050
3.570
4.090
4.610
5.120
5.640
6.150
6.650
7.150
7.660
8.170
8.670
9.170
9.680
10.170
10.670
11.180
11.680
12.180
12.690
13.190
13.690
14.170
14.680
15.180
15.680
16.180
16.690
17.180
17.690
18.180
18.690
19.190
19.700
20.190
20.700
21.200
21.710
22.210
22.700
23.200
23.720
24.210
24.720
25.220
25.720
26.220
26.720
27.210
27.720
28.210
28.710
29.210
29.730
30.240
30.740
31.270
31.760
32.290
32.800
33.290
33.790
34.280
34.790
35.290
35.820
36.340
36.830
37.340
37.830
38.350
38.840
39.340
39.840
40.350
40.860
41.370
41.880
42.390
42.890
43.400
43.900
44.410
44.910
45.430
45.940
46.430
46.940
47.460
47.990
48.500
49.000
49.500
50.020
50.530
51.030
51.540
52.050
52.560
53.060
53.560
54.070
54.560
55.070
55.580
56.090
56.590
