0.330
0.850
1.370
1.870
2.380
2.890
3.410
3.920
4.440
4.960
5.470
5.980
6.490
7.000
7.510
8.020
8.530
9.040
9.550
10.060
10.570
11.090
11.600
12.100
12.620
13.140
13.650
14.160
14.680
15.190
15.710
16.210
16.720
17.240
17.750
18.260
18.770
19.290
19.800
20.300
20.800
21.320
21.830
22.350
22.860
23.370
23.880
24.380
24.900
25.400
25.920
26.430
26.940
27.450
27.960
28.480
28.980
29.490
29.990
30.510
31.040
31.550
32.070
32.580
33.110
33.630
34.140
34.660
35.180
35.700
36.220
36.750
37.260
37.790
38.310
38.830
39.350
39.850
40.380
40.900
41.400
41.930
42.450
42.960
43.470
43.980
44.500
45.030
45.540
46.050
46.580
47.100
47.620
48.150
48.680
49.180
49.710
