0.040
0.490
0.930
1.380
1.830
2.280
2.730
3.170
3.620
4.070
4.520
4.970
5.420
5.870
6.310
6.760
7.210
7.660
8.110
8.550
9.000
9.450
9.900
10.350
10.800
11.240
11.690
12.140
12.590
13.040
13.490
13.930
14.380
14.830
15.280
15.720
16.170
16.620
17.070
17.520
17.970
18.420
18.860
19.310
19.760
20.210
20.660
21.100
21.550
22.000
22.450
22.900
23.340
23.790
24.240
24.690
25.140
25.590
26.030
26.480
26.930
27.380
27.830
28.280
28.720
29.170
29.620
30.070
30.520
30.960
31.410
31.860
32.310
32.760
33.200
33.650
34.100
34.550
35.000
35.450
35.900
36.340
36.790
37.240
37.690
38.130
38.580
39.030
39.480
39.930
40.380
40.830
41.270
41.720
42.170
42.620
43.070
43.520
43.960
44.410
44.860
