0.250
0.590
0.920
1.250
1.580
1.910
2.260
2.600
2.940
3.280
3.610
3.940
4.270
4.610
4.950
5.300
5.640
5.980
6.320
6.660
7.000
7.340
7.680
8.020
8.350
8.690
9.020
9.350
9.690
10.020
10.350
10.680
11.010
11.340
11.670
12.000
12.330
12.660
13.000
13.330
13.660
13.990
14.320
14.640
14.970
15.300
15.630
15.960
16.290
16.620
16.940
17.270
17.600
18.020
18.490
18.990
19.640
20.400
21.180
22.000
22.830
23.650
24.460
25.250
26.040
26.840
27.650
28.470
29.270
30.070
30.880
31.680
32.470
33.250
34.060
34.850
35.660
36.410
37.230
38.060
38.850
39.680
40.530
41.380
42.210
43.040
43.840
44.660
45.470
46.280
