0.400
1.160
1.920
2.650
3.370
4.150
4.880
5.630
6.370
7.110
7.870
8.610
9.360
10.110
10.860
11.700
12.490
13.260
14.060
14.820
15.610
16.340
17.120
17.880
18.660
19.450
20.220
20.940
21.730
22.480
23.200
23.940
24.680
25.360
26.120
26.820
27.560
28.290
29.030
29.830
30.630
31.440
32.280
33.120
33.940
34.810
35.670
36.490
37.340
38.110
38.650
39.210
39.770
40.280
40.840
41.340
41.900
42.420
42.960
43.530
44.070
44.610
45.160
45.700
46.230
46.770
47.270
47.790
48.310
48.870
49.400
49.910
50.440
50.990
51.610
52.270
52.960
53.610
54.240
54.920
