0.200
0.660
1.110
1.570
2.020
2.490
2.960
3.410
3.850
4.320
4.760
5.220
5.660
6.130
6.590
7.040
7.480
7.950
8.410
8.870
9.300
9.740
10.190
10.640
11.100
11.540
11.980
12.420
12.870
13.310
13.750
14.180
14.630
15.060
15.500
15.940
16.380
16.830
17.270
17.710
18.150
18.600
19.020
19.470
19.910
20.360
20.810
21.240
21.690
22.130
22.570
23.020
23.440
23.900
24.350
24.790
25.230
25.670
26.120
26.540
26.980
27.420
27.860
28.310
28.740
29.180
29.630
30.060
30.490
30.930
31.370
31.810
32.270
32.710
33.150
33.580
34.020
34.470
34.900
35.350
35.790
36.230
36.670
37.120
37.560
38.000
38.440
38.880
39.320
39.770
40.220
40.650
41.090
41.540
41.970
42.410
42.850
43.290
43.730
44.170
44.610
45.060
45.500
45.940
46.390
46.820
47.260
47.700
48.140
48.580
49.010
49.460
49.890
50.330
50.780
51.230
51.660
52.100
52.540
52.990
53.430
53.870
54.310
54.750
55.180
55.620
56.070
56.510
56.950
57.380
57.830
58.270
58.700
59.130
