0.020
0.910
1.790
2.640
3.510
4.380
5.230
6.030
6.840
7.630
8.450
9.240
10.050
10.810
11.590
12.420
13.240
14.030
14.850
15.690
16.550
17.380
18.220
19.020
19.830
20.650
21.470
22.290
23.060
23.870
24.670
25.520
26.360
27.170
28.010
28.900
29.830
30.730
31.550
32.360
33.160
33.970
34.760
35.570
36.360
37.170
37.960
38.760
39.600
40.420
41.230
42.060
42.950
43.820
44.660
45.470
46.290
47.080
47.850
48.670
49.470
50.300
51.110
51.930
52.770
53.630
54.460
55.310
56.220
57.070
57.910
58.700
59.500
60.310
61.120
61.960
62.790
63.620
64.450
65.290
66.080
66.880
67.670
68.490
69.320
70.180
71.070
