0.250
0.960
1.670
2.370
3.080
3.770
4.480
5.190
5.900
6.610
7.310
8.020
8.720
9.420
10.130
10.840
11.550
12.250
12.960
13.660
14.370
15.070
15.780
16.480
17.190
17.900
18.610
19.310
20.010
20.720
21.420
22.130
22.840
23.540
24.250
24.950
25.660
26.360
27.070
27.770
28.480
29.190
29.900
30.600
31.310
32.010
32.720
33.420
34.130
34.840
35.550
36.250
36.960
37.660
38.360
39.070
39.770
40.490
41.180
41.900
42.600
43.300
44.010
44.720
45.420
46.130
46.840
47.540
48.250
48.950
49.660
50.370
51.070
51.780
