0.070
0.810
1.490
2.210
2.910
3.630
4.330
5.040
5.730
6.440
7.170
7.900
8.660
9.390
10.100
10.820
11.540
12.260
12.980
13.710
14.430
15.150
15.870
16.570
17.280
18.010
18.730
19.490
20.180
20.870
21.520
22.200
22.880
23.580
24.270
24.980
25.650
26.350
27.040
27.710
28.390
29.070
29.750
30.450
31.130
31.820
32.490
33.180
33.840
34.530
35.210
35.880
36.570
37.260
37.920
38.620
39.300
39.990
40.670
41.370
42.070
42.760
43.440
44.140
44.810
45.490
46.170
46.850
47.570
48.240
48.910
49.590
50.280
50.970
51.650
52.340
53.030
53.720
54.410
55.110
55.820
