0.330
0.780
1.200
1.630
2.070
2.500
2.920
3.360
3.780
4.180
4.610
5.030
5.460
5.870
6.280
6.690
7.110
7.520
7.930
8.350
8.770
9.210
9.620
10.060
10.480
10.920
11.360
11.780
12.200
12.630
13.060
13.490
13.930
14.360
14.780
15.200
15.630
16.040
16.460
16.890
17.300
17.720
18.130
18.550
18.950
19.360
19.770
20.180
20.590
21.010
21.430
21.870
22.310
22.740
23.170
23.610
24.050
24.510
24.950
25.390
25.820
26.260
26.700
27.120
27.560
27.990
28.410
28.850
29.290
29.720
30.140
30.580
31.010
31.460
31.880
32.310
32.740
33.180
33.610
34.040
34.480
34.910
35.350
35.780
36.240
36.690
37.140
37.590
38.030
38.500
38.950
39.420
39.870
40.350
40.790
41.250
41.700
42.160
42.590
43.060
43.500
43.940
44.380
44.820
45.260
45.710
46.140
46.590
47.040
47.470
47.920
48.370
48.810
49.270
49.710
50.160
50.610
51.070
51.510
51.980
52.440
52.900
53.350
53.790
54.240
54.710
55.150
55.590
56.040
56.500
56.940
