0.180
0.510
0.850
1.170
1.510
1.820
2.150
2.470
2.810
3.140
3.460
3.790
4.120
4.450
4.780
5.110
5.440
5.770
6.090
6.420
6.760
7.090
7.420
7.740
8.080
8.410
8.740
9.070
9.410
9.740
10.070
10.390
10.720
11.040
11.380
11.700
12.040
12.360
12.700
13.030
13.360
13.700
14.020
14.350
14.670
15.010
15.340
15.670
16.010
16.330
16.660
16.980
17.310
17.650
17.990
18.320
18.650
18.960
19.300
19.630
19.950
20.280
20.610
20.930
21.260
21.580
21.920
22.240
22.580
22.920
23.250
23.580
23.920
24.260
24.590
24.920
25.260
25.590
25.920
26.240
26.560
26.890
27.220
27.550
27.870
28.200
28.530
28.850
29.180
29.510
29.840
30.160
30.490
30.820
31.170
31.490
31.810
32.140
32.480
32.810
33.130
33.460
33.790
34.120
34.470
34.790
35.120
35.450
35.790
36.130
36.470
36.800
37.120
37.450
37.780
38.100
38.430
38.770
39.100
39.440
39.770
40.100
40.420
40.750
41.090
41.420
41.750
42.070
42.400
42.730
43.060
43.380
43.710
44.030
44.360
44.680
45.010
45.350
45.680
46.010
46.330
46.660
46.990
47.330
47.650
47.980
48.310
48.640
48.970
49.310
49.640
49.980
50.300
50.640
50.960
51.290
51.620
51.950
52.290
