0.440
1.000
1.540
2.110
2.600
3.080
3.550
4.010
4.450
4.870
5.290
5.720
6.160
6.610
7.050
7.500
7.930
8.380
8.820
9.260
9.720
10.150
10.590
11.020
11.460
11.910
12.360
12.780
13.240
13.680
14.100
14.540
15.000
15.450
15.920
16.390
16.840
17.300
17.720
18.130
18.570
18.970
19.390
19.850
20.270
20.710
21.160
21.610
22.050
22.490
22.930
23.350
23.810
24.240
24.680
25.150
25.640
26.090
26.580
27.040
27.510
27.940
28.410
28.840
29.300
29.760
30.190
30.650
31.130
31.610
32.050
32.520
32.990
33.430
33.850
34.310
34.730
35.190
35.630
36.040
36.480
36.910
37.330
37.760
38.200
38.620
39.060
39.510
39.930
40.380
40.820
41.260
41.690
42.150
42.630
43.070
43.530
44.010
44.450
44.920
45.370
45.830
46.300
46.770
47.230
47.690
48.120
48.550
48.980
49.390
49.830
50.260
50.700
51.130
51.550
51.950
52.380
52.810
53.280
53.730
54.190
54.670
55.130
55.570
56.040
56.500
56.950
57.430
57.860
58.310
58.730
59.170
59.620
