0.290
0.670
1.070
1.450
1.830
2.220
2.610
3.000
3.380
3.770
4.160
4.540
4.930
5.320
5.710
6.090
6.480
6.860
7.260
7.640
8.030
8.420
8.810
9.190
9.580
9.960
10.350
10.740
11.130
11.520
11.920
12.400
12.850
13.250
13.640
14.030
14.420
14.800
15.190
15.580
15.970
16.340
16.730
17.130
17.510
17.910
18.290
18.680
19.050
19.440
19.830
20.220
20.610
21.000
21.380
21.770
22.160
22.550
22.930
23.320
23.710
24.090
24.490
24.870
25.250
25.640
26.020
26.410
26.800
27.190
27.570
27.960
28.350
28.730
29.120
29.510
29.890
30.290
30.680
31.060
31.450
31.830
32.210
32.610
32.990
33.380
33.770
34.160
34.550
34.940
35.310
35.700
36.100
36.480
36.870
37.250
37.640
38.030
38.410
38.800
39.190
39.570
39.960
40.350
40.730
41.120
41.510
41.900
42.270
42.670
43.070
43.440
43.840
44.230
44.610
45.000
45.390
45.760
46.160
46.540
46.910
47.310
47.700
48.090
48.460
48.870
49.240
49.640
50.030
50.430
50.800
51.190
51.580
51.960
52.350
52.730
53.110
53.500
53.890
54.280
54.660
55.050
55.450
55.830
56.230
56.620
56.990
57.390
57.750
58.150
58.550
58.920
59.310
59.710
60.080
60.480
60.840
61.240
61.570
61.920
62.240
62.600
62.990
63.370
63.760
64.150
64.540
64.920
65.310
65.700
66.090
66.470
66.860
67.250
67.630
68.020
68.400
68.790
69.180
69.570
69.950
70.340
70.740
71.110
71.510
71.890
72.280
72.670
73.060
73.450
73.830
74.210
74.600
74.970
75.370
75.740
76.140
76.520
76.910
77.310
77.710
78.090
78.490
78.850
79.230
79.630
80.000
80.390
80.780
81.170
81.560
81.960
82.330
82.720
83.110
83.500
83.910
84.290
84.670
