0.130
0.490
0.880
1.270
1.630
2.010
2.390
2.760
3.130
3.490
3.880
4.260
4.630
5.010
5.390
5.760
6.130
6.490
6.880
7.260
7.630
8.010
8.390
8.760
9.130
9.500
9.880
10.250
10.630
11.010
11.380
11.750
12.130
12.500
12.880
13.260
13.630
14.020
14.390
14.760
15.130
15.510
15.890
16.270
16.640
17.020
17.390
17.760
18.140
18.510
18.890
19.270
19.640
20.020
20.390
20.770
21.140
21.510
21.890
22.260
22.640
23.020
23.390
23.760
24.140
24.500
24.890
25.270
25.640
26.020
26.400
26.770
27.140
27.510
27.900
28.280
28.640
29.020
29.400
29.770
30.140
30.510
30.900
31.280
31.650
32.020
32.400
32.770
33.140
33.510
33.890
34.260
34.650
35.010
35.390
35.770
