0.000
0.390
0.810
1.220
1.630
2.050
2.470
2.870
3.290
3.700
4.120
4.530
4.940
5.360
5.780
6.180
6.600
7.010
7.430
7.840
8.250
8.670
9.090
9.500
9.910
10.320
10.740
11.150
11.570
11.980
12.390
12.800
13.220
13.630
14.060
14.460
14.880
15.290
15.710
16.120
16.530
16.950
17.370
17.770
18.190
18.600
19.020
19.430
19.840
20.260
20.680
21.080
21.500
21.910
22.330
22.740
23.150
23.570
23.990
24.390
24.810
25.220
25.640
26.050
26.460
26.880
27.300
27.700
28.120
28.530
28.950
29.360
29.770
30.190
30.610
31.010
31.430
31.850
32.260
32.670
33.090
33.500
33.920
34.320
34.740
35.160
35.570
35.980
36.400
36.810
37.230
37.630
38.050
38.470
38.880
39.290
39.700
40.120
40.540
40.950
41.360
41.770
42.190
42.600
43.020
43.430
43.840
44.250
44.670
45.080
45.500
45.910
46.330
46.740
47.160
47.570
47.980
48.400
48.820
49.230
49.640
50.050
50.470
50.880
51.290
51.710
52.120
52.530
52.940
53.360
53.780
54.190
54.610
55.020
55.440
55.840
56.260
56.670
57.090
57.500
57.910
58.330
58.750
59.160
59.570
59.980
60.400
60.810
61.220
61.640
62.050
62.460
62.880
63.290
63.710
64.120
64.530
64.950
65.370
65.770
