0.060
0.460
0.850
1.240
1.630
2.020
2.410
2.800
3.190
3.580
3.970
4.360
4.750
5.140
5.530
5.930
6.310
6.710
7.100
7.490
7.880
8.270
8.660
9.050
9.440
9.830
10.220
10.610
11.000
11.400
11.780
12.180
12.560
12.960
13.350
13.740
14.130
14.520
14.910
15.300
15.690
16.080
16.470
16.860
17.250
17.650
18.030
18.430
18.810
19.210
19.600
19.990
20.380
20.770
21.160
21.550
21.940
22.330
22.720
23.110
23.500
23.890
24.280
24.680
25.060
25.460
25.850
26.240
26.630
27.020
27.410
27.800
28.190
28.590
28.980
29.360
29.750
30.140
30.530
30.930
31.320
31.710
32.100
32.480
32.880
33.270
33.660
34.050
34.440
34.830
35.220
35.610
36.000
36.390
36.780
37.170
37.560
37.960
38.350
38.730
39.130
39.520
39.910
40.300
40.690
41.080
41.480
41.860
42.250
42.640
43.030
43.430
43.810
44.210
44.600
44.990
45.380
45.770
46.160
46.550
46.940
47.330
47.730
48.110
48.500
48.890
49.280
49.680
50.060
50.460
50.850
51.230
51.630
52.020
52.400
52.800
53.190
53.580
53.970
54.360
54.750
55.140
55.530
55.930
56.320
56.710
57.100
57.480
57.880
58.270
58.660
59.050
59.440
59.830
