0.290
0.770
1.250
1.740
2.210
2.690
3.170
3.650
4.130
4.610
5.090
5.570
6.050
6.530
7.010
7.490
7.970
8.450
8.930
9.410
9.890
10.370
10.850
11.330
11.810
12.300
12.770
13.260
13.740
14.210
14.700
15.180
15.650
16.130
16.610
17.100
17.580
18.050
18.540
19.020
19.490
19.970
20.450
20.940
21.410
21.890
22.370
22.860
23.330
23.810
24.290
24.780
25.250
25.730
26.210
26.700
27.170
27.650
28.130
28.620
29.090
29.560
30.050
30.530
31.010
31.480
31.970
32.440
32.920
33.410
33.890
34.360
34.840
35.320
35.800
36.280
36.760
37.240
37.720
38.200
38.680
39.160
39.640
40.120
40.600
41.080
41.560
42.040
42.520
43.000
43.470
43.950
44.430
44.910
45.390
45.870
46.350
46.830
47.310
47.790
48.270
48.750
49.230
49.710
50.190
50.670
51.150
51.630
52.110
52.590
53.070
53.550
54.030
54.510
54.990
55.470
55.940
56.420
56.910
57.390
57.870
