0.020
0.400
0.760
1.140
1.530
1.900
2.270
2.660
3.050
3.420
3.790
4.170
4.550
4.920
5.300
5.690
6.060
6.450
6.820
7.190
7.580
7.960
8.340
8.710
9.090
9.470
9.850
10.220
10.610
10.990
11.370
11.740
12.120
12.500
12.880
13.250
13.630
14.010
14.390
14.770
15.150
15.530
15.910
16.280
16.660
17.040
17.420
17.800
18.180
18.560
18.930
19.310
19.690
20.070
20.450
20.830
21.210
21.580
21.970
22.340
22.720
23.100
23.480
23.860
24.230
24.610
24.990
25.360
25.750
26.120
26.510
26.880
27.260
27.640
28.020
28.390
28.780
29.150
29.540
29.910
30.290
30.670
31.050
31.420
31.810
32.180
32.560
32.940
33.310
33.700
34.070
34.450
34.830
35.210
35.590
35.970
36.340
36.720
37.100
37.480
37.860
38.230
38.610
39.000
39.370
39.750
40.130
40.510
40.890
41.270
41.640
42.020
42.400
42.780
43.160
43.540
43.920
44.290
44.670
45.050
45.430
45.800
46.190
46.560
46.940
47.320
47.690
48.080
48.460
48.830
49.220
49.590
49.970
50.350
50.720
51.110
51.490
51.860
52.250
52.620
53.000
53.380
53.750
54.140
54.520
54.890
55.270
55.650
56.040
56.410
56.800
57.170
57.560
57.940
58.320
58.680
59.070
59.450
59.830
60.200
60.580
60.960
