0.370
0.780
1.210
1.620
2.020
2.440
2.860
3.280
3.680
4.100
4.520
4.930
5.340
5.760
6.180
6.590
7.010
7.420
7.840
8.260
8.660
9.080
9.500
9.920
10.320
10.740
11.160
11.580
11.980
12.400
12.820
13.240
13.650
14.070
14.490
14.900
15.300
15.720
16.140
16.560
16.970
17.380
17.800
18.220
18.620
19.040
19.460
19.880
20.290
20.700
21.120
21.540
21.940
22.360
22.780
23.200
23.600
24.020
24.440
24.860
25.260
25.680
26.100
26.520
26.930
27.350
27.770
28.180
28.590
29.010
29.420
29.840
30.250
30.670
31.090
31.500
31.900
32.330
32.740
33.160
33.570
33.990
34.410
34.820
35.220
35.640
36.060
36.480
36.890
37.300
37.730
38.140
38.540
38.970
39.380
39.800
40.220
40.630
41.050
41.460
41.870
42.290
42.700
43.120
43.530
43.950
44.360
44.780
45.190
45.610
46.030
46.440
46.850
47.270
47.690
48.100
48.520
48.930
49.350
49.760
50.170
50.590
51.000
51.420
51.830
52.250
52.660
53.080
53.490
53.910
54.330
54.740
55.150
55.560
55.980
56.400
56.810
57.220
57.640
58.060
58.470
58.880
59.300
59.720
60.130
60.550
60.970
61.380
61.790
62.190
62.610
63.040
63.450
63.870
64.290
64.700
65.120
65.540
65.960
