0.050
0.420
0.800
1.180
1.550
1.940
2.300
2.680
3.070
3.440
3.820
4.190
4.570
4.950
5.320
5.700
6.080
6.460
6.840
7.210
7.590
7.970
8.340
8.720
9.100
9.480
9.850
10.230
10.610
10.990
11.360
11.740
12.120
12.490
12.870
13.250
13.630
14.010
14.380
14.760
15.140
15.510
15.890
16.270
16.650
17.020
17.390
17.770
18.160
18.530
18.910
19.290
19.660
20.040
20.410
20.790
21.170
21.550
21.930
22.300
22.680
23.050
23.440
23.810
24.200
24.570
24.940
25.320
25.700
26.080
26.450
26.830
27.210
27.580
27.960
28.340
28.720
29.100
29.470
29.850
30.230
30.600
30.980
31.360
31.740
32.120
32.480
32.860
33.250
33.620
34.000
34.380
34.760
35.130
35.500
35.880
36.260
36.640
37.020
37.390
37.770
38.150
38.520
38.900
39.280
39.660
40.030
40.410
40.790
41.170
41.540
41.920
42.300
42.670
43.050
43.430
43.810
44.190
44.560
44.940
45.320
45.690
46.070
46.450
46.830
47.210
47.580
47.960
48.340
48.710
49.090
49.470
49.850
50.230
50.600
50.970
51.360
51.730
52.110
52.490
52.870
53.240
53.610
53.990
54.380
54.750
55.130
55.510
55.880
56.260
56.630
57.010
57.390
57.770
58.140
58.520
58.900
59.280
59.650
60.030
60.410
60.780
61.160
61.540
61.920
62.300
62.660
63.040
63.430
63.800
64.180
64.570
64.940
65.320
65.690
66.070
66.440
66.800
67.190
67.550
67.920
68.300
68.650
69.030
69.400
69.790
70.160
70.560
70.940
71.320
71.690
72.070
72.460
72.830
73.200
73.580
73.960
74.340
74.740
75.110
75.490
75.870
76.250
76.620
76.980
77.340
77.720
78.100
78.470
78.850
79.230
79.600
79.990
80.360
80.740
81.110
81.510
81.870
82.260
82.650
83.010
83.410
83.780
84.170
84.540
84.920
85.300
85.670
86.030
86.400
86.790
87.140
87.520
87.890
88.280
88.650
89.040
89.400
89.790
90.160
90.560
90.940
91.310
91.700
92.060
92.440
92.820
93.210
93.580
93.960
94.330
94.720
95.080
95.440
95.830
96.190
96.570
96.940
