0.010
0.390
0.780
1.170
1.560
1.930
2.320
2.700
3.090
3.470
3.860
4.240
4.630
5.010
5.400
5.780
6.170
6.550
6.940
7.320
7.710
8.080
8.470
8.860
9.250
9.620
10.010
10.390
10.790
11.160
11.550
11.940
12.320
12.710
13.090
13.470
13.860
14.240
14.630
15.010
15.390
15.780
16.170
16.550
16.940
17.320
17.700
18.090
18.470
18.860
19.250
19.620
20.010
20.400
20.780
21.160
21.550
21.930
22.320
22.700
23.090
23.460
23.860
24.240
24.620
25.010
25.400
25.790
26.170
26.550
26.940
27.320
27.710
28.090
28.480
28.860
29.250
29.630
30.020
30.400
30.790
31.170
31.560
31.940
32.330
32.700
33.090
33.480
33.860
34.240
34.630
35.020
35.400
35.780
36.170
36.550
36.940
37.320
37.710
38.090
38.480
38.860
39.240
39.630
40.020
40.400
40.780
41.170
41.550
41.930
42.320
42.710
43.090
43.470
43.860
44.250
44.630
45.010
45.400
45.790
46.170
46.550
46.940
47.320
47.710
48.080
48.470
48.860
49.240
49.630
50.020
50.400
50.780
51.160
51.550
51.940
52.320
52.700
53.090
53.470
53.860
54.240
54.630
55.020
55.400
55.780
56.170
56.550
56.950
57.320
57.710
58.090
58.480
58.850
59.240
59.630
60.010
60.400
60.790
61.170
61.550
61.930
62.320
62.710
63.080
63.470
63.850
64.230
64.640
65.010
65.400
65.790
66.180
66.550
66.930
67.310
67.710
68.080
68.470
68.870
69.260
69.630
70.020
70.410
70.800
