0.280
0.680
1.070
1.470
1.850
2.240
2.620
3.010
3.400
3.800
4.190
4.590
4.970
5.360
5.740
6.140
6.520
6.920
7.310
7.710
8.090
8.480
8.860
9.260
9.640
10.050
10.430
10.830
11.210
11.600
11.980
12.370
12.760
13.170
13.560
13.960
14.340
14.730
15.110
15.510
15.890
16.290
16.670
17.070
17.460
17.850
18.230
18.630
19.010
19.410
19.800
20.200
20.580
20.970
21.350
21.750
22.130
22.530
22.920
23.320
23.700
24.080
24.470
24.860
25.250
25.660
26.040
26.440
26.820
27.210
27.600
27.990
28.380
28.770
29.160
29.560
29.940
30.330
30.720
31.110
31.500
31.890
32.280
32.680
33.060
33.450
33.840
34.230
34.620
35.010
35.400
35.800
36.180
36.570
36.960
37.350
37.740
38.130
38.520
38.920
39.310
39.690
40.070
40.480
40.850
41.250
41.640
42.040
42.420
42.810
43.190
43.590
43.970
44.380
44.760
45.160
45.550
45.930
46.310
46.710
47.100
47.500
47.880
48.280
48.660
49.050
49.430
49.840
