0.240
0.630
1.030
1.420
1.800
2.190
2.580
2.970
3.360
3.740
4.130
4.520
4.900
5.290
5.680
6.080
6.460
6.840
7.240
7.630
8.010
8.400
8.790
9.180
9.570
9.950
10.340
10.730
11.110
11.500
11.890
12.290
12.670
13.060
13.450
13.830
14.220
14.610
15.000
15.390
15.780
16.160
16.560
16.940
17.330
17.710
18.110
18.490
18.880
19.270
19.660
20.050
20.430
20.820
21.210
21.600
21.990
22.380
22.770
23.150
23.540
23.930
24.320
24.700
25.090
25.480
25.870
26.260
26.640
27.030
27.420
27.810
28.200
28.590
28.980
29.360
29.750
30.140
30.530
30.920
31.310
31.690
32.080
32.470
32.850
33.240
33.630
34.020
34.410
34.800
35.190
35.580
35.960
