0.070
0.460
0.840
1.230
1.620
2.010
2.400
2.790
3.180
3.560
3.950
4.340
4.730
5.120
5.510
5.900
6.280
6.670
7.060
7.450
7.840
8.230
8.620
9.000
9.390
9.780
10.170
10.560
10.950
11.330
11.720
12.110
12.500
12.890
13.270
13.670
14.050
14.440
14.830
15.220
15.610
16.000
16.390
16.780
17.160
17.550
17.940
18.330
18.720
19.110
19.490
19.880
20.270
20.660
21.050
21.440
21.830
22.220
22.600
22.990
23.380
23.770
24.160
24.550
24.940
25.330
25.710
26.100
26.490
26.880
27.270
27.660
28.050
28.440
28.830
29.210
29.600
29.990
30.380
30.770
31.160
31.550
31.930
32.320
32.710
33.100
33.490
33.880
34.270
34.660
35.040
35.430
35.820
36.210
36.600
36.990
37.380
37.770
38.150
38.540
38.930
39.320
39.710
40.100
40.490
40.870
41.260
41.650
42.040
42.430
42.820
43.210
43.600
43.980
44.370
44.760
45.150
45.540
45.930
46.320
46.710
47.090
47.480
47.870
48.260
48.650
49.040
49.420
49.810
50.200
50.590
50.980
51.370
51.750
52.150
52.540
52.930
53.310
53.700
54.090
54.480
54.860
55.250
55.640
56.030
56.420
56.810
57.190
57.590
57.970
58.360
58.750
59.140
59.520
59.920
60.300
60.690
61.080
61.470
61.860
