0.480
0.890
1.250
1.610
1.990
2.340
2.720
3.080
3.440
3.800
4.170
4.530
4.890
5.250
5.610
5.980
6.350
6.710
7.070
7.440
7.800
8.160
8.530
8.890
9.260
9.610
9.980
10.350
10.710
11.070
11.440
11.800
12.170
12.520
12.880
13.250
13.610
13.980
14.340
14.710
15.070
15.430
15.790
16.160
16.520
16.890
17.250
17.620
17.980
18.340
18.700
19.070
19.440
19.800
20.160
20.530
20.890
21.250
21.610
21.980
22.340
22.710
23.070
23.440
23.800
24.170
24.520
24.890
25.260
25.620
25.980
26.350
26.710
27.070
27.430
27.810
28.160
28.530
28.890
29.260
29.620
29.980
30.340
30.710
31.070
31.440
31.800
32.170
32.530
32.890
33.250
33.620
33.980
34.350
34.700
35.070
35.440
35.810
36.170
36.530
36.900
37.260
37.620
37.990
38.350
38.710
39.070
39.440
39.800
40.170
40.530
40.900
41.260
41.620
41.980
42.350
42.730
43.080
43.450
43.810
44.180
44.540
44.900
45.260
45.610
45.980
