0.110
0.480
0.860
1.230
1.610
1.980
2.360
2.730
3.110
3.480
3.860
4.240
4.610
4.980
5.360
5.740
6.120
6.480
6.860
7.240
7.620
7.990
8.370
8.740
9.120
9.490
9.870
10.240
10.620
10.990
11.370
11.740
12.120
12.490
12.860
13.240
13.620
13.990
14.370
14.740
15.120
15.490
15.870
16.250
16.620
16.990
17.370
17.740
18.120
18.500
18.870
19.250
19.620
19.990
20.380
20.750
21.130
21.500
21.880
22.250
22.630
23.000
23.380
23.750
24.130
24.500
24.870
25.250
25.630
26.000
26.380
26.750
27.130
27.500
27.880
28.250
28.630
29.000
29.380
29.750
30.130
30.510
30.880
31.250
31.640
32.010
32.390
32.750
33.140
33.510
33.880
34.260
34.640
35.010
35.390
35.760
36.140
36.510
36.890
37.260
37.640
38.010
38.390
38.760
39.140
39.510
39.890
40.260
40.640
41.010
41.400
41.770
42.140
42.510
42.890
43.260
43.640
44.010
44.390
44.760
45.150
45.510
45.890
46.270
46.650
47.020
47.400
47.770
48.150
48.520
48.890
49.270
49.650
50.020
50.400
50.770
51.150
51.520
51.900
52.270
52.650
53.020
53.400
53.780
54.150
54.520
54.900
55.270
55.650
56.020
56.400
56.770
57.150
57.520
57.890
58.270
58.640
59.020
59.400
59.780
60.150
60.530
60.900
61.280
61.650
62.020
62.390
62.770
63.150
63.530
63.910
64.280
64.660
65.030
65.410
65.780
66.160
66.530
66.900
67.280
67.650
68.010
68.380
68.760
69.160
69.530
69.910
70.300
70.660
71.040
71.410
71.800
72.170
72.540
72.910
73.280
73.650
74.010
74.380
74.760
75.160
75.540
75.900
76.300
76.660
77.060
77.440
77.800
78.170
78.550
78.910
79.290
79.650
80.040
80.400
80.790
81.160
81.550
81.930
82.290
82.680
83.050
83.440
83.810
84.190
84.560
84.940
85.290
85.660
