0.070
0.450
0.830
1.230
1.610
2.010
2.400
2.770
3.170
3.550
3.950
4.340
4.720
5.110
5.490
5.870
6.280
6.660
7.060
7.450
7.830
8.220
8.590
8.980
9.370
9.770
10.150
10.550
10.940
11.330
11.710
12.100
12.490
12.880
13.270
13.650
14.050
14.430
14.810
15.200
15.580
15.980
16.370
16.760
17.150
17.530
17.910
18.310
18.690
19.090
19.480
19.870
20.260
20.640
21.020
21.410
21.790
22.190
22.590
22.970
23.350
23.750
24.140
24.540
24.930
25.320
25.710
26.090
26.480
26.870
27.260
27.650
28.030
28.420
28.810
29.200
29.590
29.980
30.370
30.750
31.140
31.530
31.920
32.310
32.700
33.090
33.470
33.860
34.250
34.640
35.030
35.420
35.800
36.190
36.580
36.960
37.350
37.750
38.130
38.520
38.910
39.300
39.690
40.080
40.460
40.850
41.240
41.630
42.020
42.410
42.800
43.190
43.570
43.960
44.350
44.740
45.130
45.520
45.910
46.300
46.680
47.070
47.450
47.840
