0.280
0.660
1.020
1.410
1.780
2.180
2.560
2.940
3.320
3.710
4.090
4.470
4.850
5.250
5.630
6.000
6.380
6.760
7.150
7.530
7.910
8.290
8.680
9.070
9.450
9.830
10.210
10.600
10.970
11.370
11.750
12.120
12.510
12.890
13.270
13.660
14.030
14.420
14.810
15.190
15.570
15.960
16.340
16.720
17.100
17.500
17.870
18.250
18.630
19.010
19.400
19.780
20.160
20.540
20.930
21.310
21.690
22.080
22.470
22.850
23.220
23.610
24.000
24.380
24.760
25.150
25.530
25.900
26.290
26.670
27.060
27.430
27.820
28.210
28.590
28.970
29.350
29.730
30.130
30.500
30.880
31.270
31.660
32.030
32.410
32.800
33.180
33.560
33.950
34.330
34.720
35.090
35.470
35.860
36.250
36.630
37.010
37.390
37.780
38.150
38.540
38.920
39.310
39.680
40.070
40.460
40.850
41.230
41.610
41.990
42.390
42.760
43.140
43.520
43.910
