0.220
0.700
1.150
1.620
2.080
2.540
3.010
3.480
3.940
4.410
4.870
5.330
5.790
6.260
6.720
7.190
7.650
8.120
8.580
9.040
9.500
9.970
10.440
10.900
11.360
11.830
12.290
12.750
13.210
13.680
14.150
14.610
15.070
15.550
16.000
16.470
16.930
17.390
17.860
18.330
18.790
19.260
19.720
20.180
20.640
21.100
21.570
22.040
22.500
22.970
23.430
23.890
24.350
24.820
25.290
25.750
26.210
26.680
27.140
27.600
28.060
28.530
29.000
29.460
29.920
30.390
30.850
31.310
31.770
32.240
32.710
33.170
33.630
34.100
34.560
35.020
35.490
35.950
36.420
36.880
37.340
37.810
38.270
38.730
39.190
39.660
40.130
40.590
41.050
41.530
41.980
42.450
42.910
43.370
43.840
44.300
44.770
45.240
45.700
46.160
46.620
47.080
47.550
48.010
48.480
48.950
49.410
49.870
50.330
50.800
51.260
51.720
52.190
52.660
53.120
53.580
54.040
54.510
54.970
