0.240
0.620
1.000
1.370
1.750
2.120
2.500
2.870
3.250
3.630
4.000
4.380
4.750
5.130
5.500
5.880
6.250
6.630
7.000
7.380
7.760
8.130
8.510
8.890
9.270
9.630
10.010
10.380
10.760
11.130
11.510
11.890
12.260
12.640
13.010
13.380
13.760
14.140
14.510
14.890
15.260
15.640
16.010
16.390
16.760
17.140
17.510
17.890
18.260
18.640
19.020
19.390
19.770
20.140
20.520
20.900
21.280
21.650
22.020
22.390
22.770
23.150
23.520
23.900
24.270
24.650
25.020
25.400
25.770
26.150
26.520
26.900
27.280
27.650
28.020
28.400
28.780
29.150
29.530
29.900
30.280
30.650
31.030
31.400
31.780
32.160
32.530
32.910
33.290
33.660
34.030
34.410
34.780
35.160
35.530
35.920
36.280
36.660
37.030
37.410
37.790
38.160
38.540
38.910
39.290
39.660
40.040
40.410
40.790
41.160
41.540
41.910
42.290
42.660
43.040
43.420
43.790
44.170
44.540
44.920
45.300
45.670
46.040
46.420
46.790
