0.030
0.420
0.820
1.240
1.640
2.020
2.400
2.770
3.160
3.530
3.910
4.280
4.670
5.040
5.420
5.800
6.170
6.550
6.930
7.300
7.690
8.070
8.450
8.820
9.200
9.580
9.950
10.330
10.710
11.090
11.470
11.840
12.220
12.600
12.980
13.350
13.740
14.110
14.490
14.860
15.250
15.620
16.000
16.370
16.760
17.130
17.520
17.880
18.270
18.650
19.020
19.400
19.790
20.160
20.540
20.900
21.290
21.670
22.040
22.410
22.800
23.180
23.570
23.930
24.310
24.690
25.070
25.440
25.830
26.200
26.590
26.950
27.330
27.710
28.090
28.480
28.860
29.220
29.600
29.980
30.360
30.730
31.110
31.480
31.870
32.250
32.620
33.000
33.380
33.760
34.140
34.500
34.890
35.270
35.640
36.020
36.400
36.790
37.160
37.530
37.920
38.300
38.670
39.040
39.430
39.810
40.180
40.550
40.940
41.320
41.690
42.070
42.450
42.830
43.210
43.590
43.960
44.350
44.710
45.090
45.470
45.850
46.230
46.600
46.980
47.360
47.730
48.110
48.500
48.880
49.250
49.630
50.000
50.390
50.750
51.130
51.510
51.880
52.260
52.640
53.030
53.410
53.780
54.150
54.540
54.920
55.300
55.670
56.050
56.440
56.800
57.180
57.560
57.940
58.310
58.690
59.070
59.460
59.830
