0.260
0.650
1.050
1.450
1.850
2.250
2.650
3.040
3.440
3.840
4.240
4.640
5.040
5.440
5.840
6.230
6.630
7.030
7.430
7.830
8.230
8.630
9.030
9.420
9.820
10.220
10.620
11.020
11.420
11.820
12.220
12.620
13.020
13.410
13.820
14.220
14.610
15.010
15.410
15.810
16.210
16.600
17.010
17.410
17.800
18.200
18.600
19.000
19.400
19.790
20.190
20.590
20.990
21.400
21.790
22.190
22.580
22.990
23.380
23.780
24.170
24.580
24.970
25.370
25.770
26.170
26.570
26.970
27.370
27.770
28.160
28.560
28.960
29.350
29.760
30.160
30.560
30.950
31.350
31.750
32.150
32.540
32.950
33.340
33.740
34.140
34.540
34.940
35.340
35.730
36.140
36.540
36.940
37.340
37.740
38.140
38.540
38.930
39.330
39.730
40.130
40.530
40.930
41.330
41.720
42.120
42.520
42.920
43.320
43.720
44.110
44.510
44.910
45.310
45.710
46.110
46.510
46.910
47.300
47.700
48.100
48.510
48.910
49.300
49.700
50.090
50.490
50.890
51.290
51.690
52.090
52.490
52.890
53.280
53.680
54.080
54.480
54.870
55.280
55.670
56.070
56.470
56.870
57.270
57.670
58.060
58.470
58.860
59.270
59.670
60.060
60.460
60.860
61.260
61.660
62.060
62.460
62.860
63.260
63.660
64.060
64.450
64.850
65.250
65.650
66.050
66.440
66.850
67.250
67.630
68.050
68.430
68.830
69.240
69.640
70.040
70.440
70.830
71.240
71.630
72.050
72.440
72.830
