0.250
0.620
1.000
1.380
1.740
2.120
2.500
2.890
3.260
3.630
4.000
4.390
4.760
5.120
5.500
5.880
6.250
6.630
7.010
7.380
7.750
8.130
8.510
8.890
9.260
9.640
10.010
10.390
10.760
11.140
11.510
11.890
12.260
12.630
13.020
13.390
13.760
14.130
14.510
14.900
15.260
15.640
16.020
16.400
16.770
17.140
17.520
17.890
18.260
18.650
19.020
19.390
19.760
20.140
20.520
20.900
21.260
21.640
22.020
22.400
22.770
23.140
23.520
23.900
24.270
24.660
25.020
25.400
25.790
26.150
26.520
26.910
27.280
27.650
28.030
28.410
28.780
29.140
29.520
29.910
30.270
30.660
31.030
31.400
31.770
32.150
32.530
32.910
33.270
33.650
34.030
34.400
34.780
35.150
35.520
35.900
36.280
36.660
37.040
37.410
37.770
38.160
38.540
38.920
39.310
39.660
40.030
40.410
40.780
41.160
41.530
41.910
42.290
42.650
43.040
43.410
43.800
44.160
44.530
44.920
45.280
45.660
46.040
46.410
46.790
47.160
47.520
47.910
48.280
48.660
49.040
49.410
49.780
50.160
50.540
50.930
51.310
51.670
52.030
52.400
52.790
53.160
53.530
53.910
54.290
54.680
55.050
55.420
55.790
56.160
56.540
56.920
57.290
57.660
58.040
58.410
58.800
