0.050
0.440
0.830
1.220
1.620
2.000
2.380
2.770
3.160
3.550
3.940
4.320
4.710
5.100
5.480
5.870
6.260
6.650
7.040
7.430
7.820
8.200
8.590
8.980
9.370
9.750
10.140
10.530
10.920
11.310
11.690
12.080
12.470
12.860
13.250
13.630
14.030
14.410
14.800
15.190
15.580
15.960
16.350
16.740
17.130
17.510
17.900
18.290
18.680
19.070
19.460
19.840
20.230
20.620
21.010
21.390
21.780
22.170
22.560
22.940
23.340
23.720
24.110
24.500
24.890
25.270
25.660
26.050
26.440
26.820
27.210
27.600
27.990
28.380
28.770
29.150
29.540
29.930
30.320
30.710
31.100
31.480
31.870
32.260
32.650
33.030
33.420
33.810
34.200
34.590
34.970
35.360
35.750
36.130
36.520
36.910
