0.180
0.580
0.970
1.360
1.750
2.140
2.540
2.930
3.320
3.710
4.100
4.500
4.890
5.280
5.670
6.070
6.450
6.850
7.240
7.630
8.020
8.420
8.810
9.200
9.590
9.980
10.380
10.770
11.160
11.550
11.950
12.340
12.730
13.120
13.520
13.900
14.300
14.690
15.080
15.470
15.870
16.260
16.650
17.040
17.440
17.830
18.220
18.620
19.000
19.400
19.790
20.180
20.570
20.970
21.360
21.750
22.140
22.530
22.920
23.320
23.710
24.110
24.500
24.890
25.280
25.670
26.060
26.450
26.850
27.240
27.630
28.020
28.420
28.810
29.200
29.590
29.990
30.380
30.770
31.170
31.550
31.950
32.340
32.730
33.120
33.520
33.900
34.290
34.690
35.080
35.470
35.860
36.260
36.650
37.060
37.430
37.830
38.220
38.620
39.010
39.400
