0.040
0.410
0.780
1.150
1.530
1.900
2.280
2.660
3.030
3.400
3.770
4.150
4.530
4.900
5.270
5.650
6.020
6.400
6.770
7.140
7.520
7.890
8.270
8.640
9.020
9.390
9.760
10.140
10.520
10.890
11.260
11.640
12.010
12.390
12.760
13.130
13.510
13.880
14.260
14.630
15.010
15.380
15.760
16.130
16.510
16.880
17.260
17.630
18.010
18.380
18.750
19.120
19.500
19.880
20.250
20.630
21.000
21.370
21.740
22.120
22.500
22.870
23.240
23.610
23.990
24.360
24.740
25.110
25.490
25.860
26.240
26.610
26.980
27.360
27.730
28.110
28.480
28.850
29.230
29.600
29.980
30.350
30.730
31.100
31.480
31.850
32.220
32.590
32.970
33.340
33.720
34.090
34.480
34.870
