0.030
0.410
0.810
1.210
1.620
2.020
2.410
2.810
3.220
3.620
4.020
4.420
4.820
5.220
5.620
6.010
6.420
6.820
7.230
7.620
8.020
8.420
8.820
9.220
9.630
10.030
10.430
10.820
11.230
11.630
12.030
12.430
12.830
13.230
13.630
14.030
14.430
14.830
15.230
15.630
16.040
16.430
16.840
17.230
17.640
18.040
18.430
18.830
19.240
19.640
20.040
20.440
20.840
21.240
21.640
22.040
22.440
22.840
23.240
23.640
24.040
24.440
24.850
25.240
25.650
26.040
26.450
26.850
27.250
27.650
28.050
28.450
28.850
29.250
29.660
30.050
30.450
30.850
31.260
31.650
32.070
32.460
32.860
33.250
33.650
34.050
34.450
34.850
35.260
35.660
36.060
36.460
36.860
37.260
37.660
38.060
38.460
38.860
39.270
39.660
40.070
40.470
40.870
41.260
41.670
42.060
42.470
42.860
43.270
43.660
