0.120
0.480
0.850
1.230
1.580
1.940
2.300
2.680
3.040
3.390
3.760
4.130
4.490
4.840
5.210
5.580
5.940
6.300
6.660
7.030
7.400
7.750
8.120
8.490
8.850
9.200
9.570
9.940
10.300
10.650
11.020
11.390
11.750
12.110
12.480
12.850
13.210
13.560
13.930
14.300
14.660
15.010
15.380
15.750
16.110
16.470
16.830
17.200
17.570
17.920
18.290
18.660
19.020
19.370
19.740
20.110
20.470
20.830
21.190
21.560
21.920
22.280
22.640
23.020
23.380
23.730
24.100
24.470
24.830
25.180
25.550
25.920
26.280
26.640
27.010
27.370
27.740
28.090
28.460
28.830
29.190
29.550
29.910
30.280
30.640
31.000
31.360
31.740
32.100
32.450
32.820
33.190
33.550
33.900
34.270
34.640
35.000
35.360
35.730
