0.440
0.930
1.390
1.850
2.320
2.780
3.240
3.700
4.160
4.620
5.090
5.540
6.010
6.470
6.930
7.390
7.860
8.320
8.780
9.240
9.700
10.160
10.630
11.090
11.550
12.010
12.470
12.930
13.400
13.860
14.320
14.780
15.240
15.700
16.170
16.630
17.090
17.550
18.010
18.470
18.940
19.400
19.860
20.320
20.780
21.240
21.710
22.170
22.630
23.090
23.560
24.010
24.480
24.940
25.400
25.860
26.320
26.780
27.250
27.710
28.170
28.630
29.090
29.550
30.010
30.480
30.940
31.400
31.860
32.330
32.790
33.250
33.710
34.170
34.640
35.090
35.560
36.020
36.480
36.940
37.400
37.870
38.330
38.790
39.250
39.710
40.180
40.640
41.100
41.560
42.020
42.480
42.950
