0.310
0.690
1.040
1.410
1.790
2.140
2.500
2.870
3.250
3.620
3.980
4.340
4.720
5.080
5.420
5.800
6.180
6.550
6.910
7.270
7.650
8.010
8.360
8.750
9.110
9.480
9.840
10.200
10.580
10.940
11.290
11.680
12.040
12.410
12.770
13.150
13.510
13.870
14.220
14.600
14.970
15.340
15.700
16.080
16.440
16.800
17.150
17.530
17.900
18.280
18.630
19.010
19.370
19.730
20.080
20.460
20.840
21.210
21.560
21.940
22.290
22.670
23.030
23.400
23.770
24.140
24.500
24.870
25.230
25.600
25.960
26.330
26.700
27.070
27.430
27.800
28.160
28.530
28.890
29.260
29.630
30.000
30.360
30.730
31.090
31.460
31.820
32.190
32.560
32.930
33.290
33.660
34.020
34.390
34.760
35.120
35.490
35.860
36.220
36.590
36.950
37.320
37.680
38.050
38.420
38.790
39.150
39.520
39.880
40.250
40.610
40.980
41.350
41.720
42.080
42.450
42.810
