0.060
0.470
0.850
1.260
1.670
2.060
2.450
2.870
3.270
3.680
4.060
4.470
4.870
5.270
5.660
6.070
6.480
6.870
7.260
7.680
8.080
8.480
8.870
9.280
9.680
10.090
10.470
10.880
11.280
11.680
12.080
12.490
12.890
13.290
13.680
14.090
14.490
14.890
15.280
15.690
16.090
16.490
16.880
17.290
17.690
18.090
18.480
18.890
19.290
19.690
20.090
20.490
20.890
21.290
21.690
22.090
22.490
22.890
23.290
23.700
24.100
24.500
24.890
25.300
25.690
26.090
26.490
26.890
27.290
27.690
28.090
28.500
28.900
29.290
29.690
30.100
30.500
30.900
31.290
31.700
32.100
32.500
32.900
33.300
33.710
34.110
34.500
34.900
35.320
35.720
36.110
36.520
36.920
