0.370
0.780
1.200
1.630
2.030
2.450
2.860
3.280
3.690
4.110
4.520
4.940
5.340
5.760
6.180
6.600
7.000
7.420
7.840
8.250
8.670
9.080
9.500
9.910
10.320
10.730
11.150
11.570
11.980
12.400
12.810
13.240
13.650
14.060
14.470
14.890
15.310
15.720
16.130
16.550
16.970
17.370
17.790
18.210
18.620
19.030
19.450
19.870
20.290
20.690
21.110
21.530
21.940
22.350
22.760
23.190
23.600
24.010
24.420
24.840
25.260
25.660
26.080
26.500
26.910
27.320
27.740
28.160
28.570
28.980
29.400
29.810
30.230
30.640
31.060
31.470
31.890
32.300
32.710
33.130
33.540
33.950
34.370
34.790
35.210
35.610
36.030
36.450
36.860
37.270
37.690
38.110
38.520
38.930
39.350
39.770
40.180
40.590
41.010
41.430
41.840
42.250
42.660
43.090
43.500
43.910
44.320
44.740
45.150
45.570
45.980
46.400
46.810
47.230
47.640
48.060
48.470
48.880
49.300
49.720
50.130
50.540
50.960
51.380
51.790
