0.050
0.440
0.830
1.220
1.600
1.990
2.390
2.770
3.160
3.550
3.950
4.320
4.720
5.100
5.500
5.900
6.270
6.650
7.040
7.430
7.810
8.200
8.600
8.980
9.370
9.750
10.150
10.530
10.930
11.310
11.710
12.100
12.480
12.860
13.250
13.630
14.020
14.410
14.800
15.190
15.580
15.960
16.360
16.740
17.140
17.520
17.910
18.310
18.680
19.070
19.450
19.840
20.230
20.610
21.010
21.400
21.790
22.170
22.570
22.950
23.360
23.730
24.140
24.520
24.890
25.270
25.670
26.050
26.430
26.820
27.220
27.600
27.990
28.380
28.770
29.150
29.540
29.930
30.330
30.710
31.100
31.480
31.870
32.250
32.650
33.030
33.430
33.820
34.200
34.580
34.980
35.360
35.750
36.140
36.530
36.930
37.300
37.690
38.080
38.460
38.850
39.240
39.640
40.020
40.410
40.800
41.190
41.570
41.960
42.350
42.740
43.130
43.510
43.900
44.290
44.670
45.060
45.450
45.850
46.230
46.620
47.000
47.400
47.780
