0.320
0.710
1.090
1.460
1.840
2.210
2.590
2.970
3.340
3.720
4.100
4.480
4.850
5.230
5.610
5.990
6.360
6.740
7.120
7.500
7.870
8.240
8.630
9.000
9.380
9.750
10.140
10.510
10.880
11.260
11.640
12.010
12.390
12.770
13.150
13.520
13.900
14.270
14.660
15.030
15.410
15.780
16.170
16.540
16.920
17.290
17.670
18.050
18.430
18.800
19.180
19.550
19.930
20.310
20.690
21.060
21.440
21.820
22.200
22.570
22.950
23.320
23.700
24.080
24.450
24.830
25.210
25.590
25.960
26.330
26.720
27.090
27.470
27.850
28.230
28.600
28.980
29.350
29.730
30.110
30.480
30.860
31.240
31.610
31.990
32.370
32.750
33.120
33.500
33.880
34.250
34.630
35.010
35.380
35.760
