0.060
0.450
0.840
1.230
1.610
2.000
2.390
2.790
3.170
3.560
3.950
4.330
4.720
5.100
5.490
5.890
6.280
6.670
7.050
7.440
7.820
8.210
8.600
9.000
9.380
9.770
10.160
10.540
10.930
11.320
11.710
12.100
12.490
12.880
13.260
13.650
14.040
14.420
14.810
15.210
15.600
15.980
16.370
16.760
17.140
17.530
17.920
18.310
18.700
19.090
19.470
19.860
20.250
20.630
21.020
21.430
21.820
22.210
22.590
22.970
23.360
23.740
24.130
24.520
24.910
25.300
25.680
26.070
26.460
26.840
27.230
27.630
28.010
28.400
28.790
29.180
29.560
29.950
30.340
30.730
31.120
31.510
31.900
32.280
32.670
33.050
33.440
33.840
34.220
34.610
35.000
35.380
35.770
36.170
36.560
36.940
37.330
37.720
38.110
38.500
38.870
39.270
39.660
40.050
40.440
40.830
41.210
41.610
41.990
42.380
42.770
43.160
43.540
43.930
44.320
44.710
45.090
45.490
45.870
46.250
46.650
47.040
47.420
47.810
