0.000
0.370
0.760
1.120
1.510
1.890
2.280
2.660
3.030
3.410
3.800
4.170
4.550
4.940
5.320
5.690
6.080
6.460
6.850
7.220
7.600
7.990
8.370
8.750
9.120
9.500
9.900
10.270
10.650
11.030
11.420
11.790
12.160
12.550
12.940
13.310
13.690
14.080
14.460
14.840
15.220
15.590
15.980
16.360
16.740
17.120
17.510
17.890
18.260
18.640
19.030
19.410
19.790
20.170
20.550
20.930
21.310
21.690
22.080
22.450
22.840
23.200
23.580
23.980
24.360
24.740
25.130
25.500
25.880
26.270
26.650
27.030
27.400
27.790
28.180
28.540
28.920
29.310
29.690
30.070
30.450
30.830
31.220
31.590
31.970
32.360
32.740
33.120
33.490
33.880
34.270
34.640
35.020
35.400
35.790
36.160
36.540
36.920
37.310
37.680
38.060
38.450
38.830
39.210
39.590
39.970
40.360
40.730
41.110
41.500
41.880
42.260
42.630
43.020
43.410
43.780
44.160
44.540
44.920
45.310
45.680
46.060
46.450
46.820
47.210
47.570
47.950
48.350
48.720
49.110
49.500
49.870
50.250
50.640
51.020
51.400
51.770
52.160
52.550
52.920
53.300
53.680
54.070
54.440
54.820
55.200
55.590
55.960
56.340
56.730
57.110
57.490
57.870
58.250
58.640
59.010
59.390
59.770
60.160
60.530
60.910
61.300
61.690
62.060
62.440
62.820
63.210
63.600
63.960
64.340
64.730
65.100
65.480
65.870
66.260
66.640
