0.040
0.400
0.790
1.170
1.560
1.950
2.340
2.720
3.110
3.500
3.890
4.270
4.660
5.050
5.440
5.820
6.210
6.600
6.990
7.370
7.760
8.150
8.540
8.920
9.310
9.700
10.080
10.470
10.860
11.250
11.630
12.020
12.400
12.790
13.180
13.570
13.950
14.340
14.730
15.120
15.500
15.890
16.280
16.670
17.050
17.440
17.830
18.220
18.600
18.990
19.380
19.770
20.150
20.540
20.930
21.320
21.700
22.090
22.470
22.860
23.250
23.640
24.020
24.420
24.800
25.190
25.570
25.960
26.340
26.740
27.120
27.510
27.900
28.290
28.670
29.060
29.440
29.830
30.220
30.610
30.990
31.390
31.770
32.160
32.540
32.930
33.320
33.710
34.090
34.480
34.870
35.260
35.640
36.030
36.410
36.780
37.170
37.570
37.970
38.360
38.740
39.130
39.510
39.900
40.290
40.680
41.060
41.460
41.840
42.230
42.610
43.000
43.390
43.780
44.160
44.560
44.940
45.330
45.710
46.100
46.490
46.880
47.260
47.650
48.040
48.430
48.810
49.200
49.590
49.980
50.360
50.750
51.130
51.520
51.910
52.290
52.680
53.070
53.460
53.850
54.230
54.620
55.010
55.400
55.770
56.180
56.560
56.950
57.330
57.720
58.110
58.490
58.870
59.270
59.660
60.050
60.430
60.820
