0.050
0.420
0.780
1.150
1.510
1.870
2.240
2.600
2.970
3.330
3.690
4.060
4.420
4.790
5.160
5.520
5.880
6.250
6.610
6.980
7.340
7.700
8.080
8.440
8.800
9.170
9.530
9.890
10.260
10.630
10.990
11.350
11.720
12.080
12.450
12.810
13.180
13.540
13.910
14.270
14.640
15.000
15.360
15.730
16.090
16.450
16.830
17.190
17.550
17.920
18.280
18.650
19.010
19.370
19.750
20.100
20.470
20.840
21.200
21.560
21.930
22.290
22.660
23.020
23.380
23.750
24.120
24.480
24.850
25.210
25.580
25.940
26.310
26.670
27.030
27.400
27.770
28.130
28.500
28.860
29.230
29.590
29.960
30.320
30.680
31.040
31.420
31.780
32.140
32.510
32.870
33.230
33.600
33.970
34.340
34.700
35.060
35.430
35.790
36.160
36.520
36.890
37.260
37.610
37.980
38.350
38.710
39.070
39.440
39.800
40.170
40.530
40.900
41.270
41.630
41.990
42.360
42.720
43.100
43.460
43.820
