0.130
0.510
0.900
1.290
1.680
2.060
2.450
2.840
3.230
3.620
4.010
4.390
4.780
5.170
5.560
5.940
6.330
6.720
7.110
7.490
7.880
8.270
8.660
9.050
9.430
9.820
10.210
10.600
10.990
11.370
11.760
12.150
12.530
12.870
13.180
13.500
13.890
14.280
14.670
15.060
15.440
15.840
16.220
16.610
17.000
17.390
17.770
18.160
18.550
18.940
19.330
19.710
20.100
20.490
20.870
21.260
21.650
22.040
22.430
22.810
23.200
23.590
23.970
24.370
24.750
25.140
25.530
25.920
26.310
26.690
27.080
27.470
27.860
28.250
28.630
29.020
29.410
29.800
30.180
30.570
30.960
31.350
31.730
32.120
32.510
32.900
33.290
33.670
34.060
34.450
34.840
35.220
35.610
36.000
