0.360
0.730
1.100
1.470
1.830
2.200
2.570
2.940
3.300
3.670
4.040
4.400
4.770
5.140
5.500
5.870
6.240
6.610
6.970
7.340
7.710
8.080
8.440
8.810
9.180
9.550
9.910
10.280
10.650
11.010
11.380
11.750
12.120
12.490
12.860
13.220
13.590
13.960
14.330
14.690
15.060
15.430
15.800
16.160
16.530
16.890
17.270
17.630
18.000
18.360
18.740
19.100
19.470
19.830
20.210
20.570
20.930
21.300
21.680
22.040
22.400
22.770
23.140
23.510
23.870
24.240
24.610
24.980
25.340
25.710
26.090
26.440
26.810
27.180
27.550
27.910
28.280
28.650
29.020
29.380
29.750
30.120
30.490
30.850
31.220
31.590
31.960
32.320
32.690
33.050
33.420
33.790
34.160
34.530
34.900
35.260
35.630
35.990
36.360
36.730
37.090
37.460
37.830
38.200
38.560
38.930
39.310
39.670
40.030
40.400
40.770
41.140
41.500
41.870
42.240
42.600
42.970
43.340
43.710
44.070
44.440
44.810
45.180
45.540
45.910
