0.140
0.520
0.900
1.290
1.670
2.050
2.440
2.820
3.200
3.580
3.960
4.350
4.730
5.110
5.490
5.880
6.260
6.640
7.020
7.410
7.790
8.170
8.550
8.930
9.320
9.700
10.080
10.470
10.850
11.230
11.610
11.990
12.380
12.760
13.140
13.530
13.910
14.290
14.680
15.060
15.440
15.820
16.200
16.590
16.970
17.360
17.740
18.120
18.500
18.880
19.260
19.650
20.030
20.410
20.800
21.180
21.560
21.940
22.320
22.710
23.090
23.480
23.860
24.240
24.620
25.000
25.380
25.770
26.150
26.530
26.920
27.300
27.680
28.060
28.440
28.830
29.210
29.600
29.980
30.360
30.740
31.120
31.500
31.890
32.270
32.650
33.040
33.420
33.800
34.180
34.560
34.950
35.330
35.710
36.100
36.480
36.860
37.240
37.630
38.020
38.390
38.770
39.160
39.540
39.920
40.300
40.690
41.080
41.450
41.840
42.220
42.600
42.980
43.360
43.760
44.140
44.510
44.900
45.280
45.660
46.040
46.420
46.820
47.200
47.570
47.960
48.340
48.720
49.100
49.490
49.870
50.250
50.630
51.020
51.410
51.780
52.160
52.540
52.930
53.310
53.690
54.080
54.460
54.840
55.220
55.610
55.990
56.380
56.750
57.140
57.520
57.900
58.280
58.660
