0.270
0.650
1.030
1.420
1.810
2.200
2.580
2.970
3.340
3.720
4.100
4.490
4.870
5.260
5.650
6.040
6.430
6.790
7.170
7.560
7.950
8.340
8.720
9.110
9.480
9.860
10.240
10.630
11.020
11.400
11.790
12.160
12.550
12.930
13.310
13.700
14.090
14.470
14.840
15.240
15.620
16.000
16.390
16.780
17.150
17.540
17.910
18.310
18.690
19.070
19.460
19.850
20.230
20.610
20.980
21.380
21.760
22.150
22.530
22.920
23.300
23.680
24.050
24.450
24.830
25.220
25.600
25.990
26.390
26.760
27.130
27.520
27.920
28.290
28.670
29.060
29.450
29.830
30.210
30.590
30.980
31.360
31.750
32.140
32.530
32.900
33.280
33.670
34.070
34.440
34.820
35.210
35.590
35.970
36.350
36.730
