0.250
0.720
1.190
1.660
2.140
2.610
3.080
3.550
4.030
4.500
4.970
5.440
5.920
6.390
6.860
7.330
7.810
8.280
8.760
9.220
9.700
10.170
10.650
11.110
11.590
12.060
12.540
13.000
13.480
13.960
14.430
14.890
15.370
15.850
16.320
16.790
17.260
17.730
18.210
18.680
19.150
19.630
20.100
20.570
21.040
21.520
21.990
22.460
22.940
23.410
23.880
24.350
24.830
25.300
25.770
26.240
26.710
27.190
27.660
28.130
28.610
29.080
29.550
30.020
30.500
30.970
31.440
31.910
32.390
32.860
33.330
33.800
34.280
34.750
35.220
35.690
36.170
36.640
37.110
37.580
38.060
38.530
39.000
39.470
39.950
40.420
40.890
41.360
41.840
42.310
42.780
43.250
43.730
44.200
44.670
45.140
45.630
46.110
46.570
47.040
47.520
48.000
48.460
48.930
49.410
49.890
50.360
50.830
51.300
51.780
52.240
52.710
53.190
53.660
54.130
54.590
55.070
55.550
56.020
56.490
56.960
57.430
57.910
58.370
58.850
59.350
59.810
60.270
60.740
61.230
61.690
62.160
62.630
63.110
63.580
64.040
64.530
65.000
65.470
65.940
66.420
66.890
67.360
67.830
68.310
68.780
69.250
69.720
70.190
70.670
71.140
71.610
72.090
72.570
73.040
73.510
73.980
74.450
74.940
75.400
75.880
76.350
76.800
77.290
77.760
78.220
78.690
79.180
79.650
80.140
80.610
81.080
81.560
82.030
82.500
82.970
83.430
83.890
84.360
84.830
