0.240
0.630
1.020
1.400
1.790
2.180
2.580
2.970
3.360
3.750
4.140
4.530
4.910
5.310
5.700
6.090
6.480
6.870
7.260
7.650
8.040
8.430
8.820
9.210
9.600
9.990
10.390
10.770
11.160
11.550
11.950
12.330
12.730
13.120
13.510
13.900
14.290
14.680
15.070
15.460
15.860
16.250
16.630
17.020
17.410
17.810
18.200
18.580
18.970
19.370
19.760
20.140
20.530
20.930
21.320
21.710
22.100
22.490
22.880
23.260
23.660
24.050
24.440
24.830
25.220
25.610
26.000
26.390
26.780
27.170
27.570
27.950
28.350
28.740
29.120
29.510
29.900
30.300
30.690
31.070
31.460
31.860
32.250
32.630
33.020
33.420
33.810
34.200
34.590
34.980
35.370
35.760
36.150
36.540
36.930
