0.020
0.360
0.730
1.100
1.460
1.840
2.210
2.570
2.940
3.310
3.680
4.040
4.410
4.790
5.150
5.510
5.880
6.250
6.620
6.990
7.360
7.730
8.100
8.460
8.830
9.200
9.570
9.930
10.300
10.670
11.040
11.400
11.770
12.140
12.510
12.870
13.240
13.620
13.990
14.350
14.710
15.090
15.460
15.820
16.190
16.560
16.930
17.290
17.660
18.030
18.400
18.770
19.130
19.500
19.880
20.240
20.610
20.980
21.350
21.710
22.080
22.460
22.820
23.190
23.550
23.920
24.290
24.650
25.020
25.390
25.760
26.130
26.490
26.870
27.230
27.600
27.960
28.340
28.700
29.080
29.440
29.810
30.180
30.550
30.910
31.280
31.650
32.010
32.380
32.760
33.130
33.490
33.850
34.230
34.590
34.970
