0.030
0.470
0.910
1.370
1.810
2.250
2.690
3.140
3.590
4.030
4.480
4.920
5.360
5.810
6.250
6.700
7.140
7.580
8.040
8.480
8.920
9.360
9.810
10.260
10.700
11.140
11.590
12.040
12.480
12.920
13.360
13.810
14.270
14.700
15.150
15.590
16.030
16.470
16.920
17.370
17.820
18.260
18.720
19.150
19.590
20.030
20.480
20.920
21.370
21.810
22.260
22.700
23.140
23.580
24.030
24.480
24.930
25.370
25.820
26.260
26.700
27.140
27.590
28.030
28.490
28.930
29.380
29.820
30.260
30.700
31.140
31.590
32.040
32.480
32.940
33.380
33.810
34.260
34.710
35.140
35.600
36.040
36.490
36.930
37.370
37.810
38.260
38.700
39.150
39.600
40.040
40.490
40.930
41.370
41.810
