0.180
0.560
0.940
1.310
1.680
2.060
2.430
2.810
3.180
3.560
3.940
4.310
4.680
5.060
5.440
5.810
6.180
6.560
6.940
7.310
7.680
8.060
8.440
8.810
9.190
9.560
9.940
10.310
10.690
11.070
11.440
11.820
12.190
12.560
12.940
13.320
13.690
14.070
14.440
14.820
15.190
15.570
15.940
16.320
16.690
17.070
17.440
17.820
18.190
18.570
18.940
19.320
19.700
20.070
20.450
20.820
21.200
21.570
21.950
22.320
22.700
23.080
23.450
23.830
24.200
24.570
24.950
25.330
25.700
26.080
26.450
26.830
27.200
27.580
27.950
28.330
28.700
29.080
29.450
29.830
30.210
30.580
30.950
31.330
31.700
32.080
32.450
32.830
33.210
33.580
33.960
34.330
34.710
35.090
35.460
35.830
36.210
36.580
36.960
37.340
37.710
38.090
38.460
38.840
39.210
39.590
39.960
40.340
40.710
41.090
41.460
41.840
42.210
42.590
42.960
43.340
43.710
44.090
44.460
44.850
45.220
45.590
45.970
46.340
46.710
47.090
47.460
47.840
48.220
48.590
48.970
49.340
49.720
50.090
50.470
50.840
51.220
51.590
51.970
52.350
52.720
53.110
53.480
53.860
54.220
54.590
54.970
55.340
55.720
56.090
56.470
56.840
57.230
57.590
57.970
58.350
58.730
59.110
59.480
59.860
60.230
60.610
60.980
61.350
61.720
62.100
62.480
62.860
63.230
63.610
63.990
64.360
64.730
65.120
65.480
65.860
66.230
66.600
66.980
67.360
67.740
68.120
68.480
68.870
69.240
69.620
69.990
70.360
70.730
71.120
71.480
71.860
72.230
72.600
72.970
73.370
73.740
74.120
74.500
74.870
75.250
75.620
76.000
76.370
76.740
77.120
77.490
77.860
78.240
78.620
79.000
79.370
79.750
80.130
80.500
80.880
81.250
81.630
82.000
82.370
82.750
83.120
83.490
83.860
84.240
84.620
85.000
85.380
85.750
86.130
86.510
86.890
87.260
87.640
88.010
88.380
88.750
89.130
89.510
89.880
90.250
90.620
91.000
91.360
91.760
92.130
92.520
92.890
93.260
93.640
