0.000
0.350
0.720
1.090
1.470
1.850
2.220
2.590
2.960
3.340
3.710
4.080
4.460
4.830
5.200
5.570
5.950
6.330
6.690
7.070
7.440
7.820
8.190
8.560
8.940
9.320
9.680
10.050
10.430
10.810
11.170
11.550
11.920
12.290
12.660
13.030
13.410
13.780
14.150
14.520
14.900
15.270
15.640
16.010
16.390
16.760
17.130
17.500
17.880
18.250
18.620
18.990
19.370
19.750
20.120
20.500
20.860
21.230
21.610
21.980
22.370
22.730
23.100
23.480
23.840
24.230
24.590
24.980
25.350
25.720
26.090
26.460
26.830
27.190
27.570
27.950
28.330
28.700
29.070
29.440
29.820
30.180
30.570
30.940
31.310
31.680
32.030
32.410
32.780
