0.210
0.580
0.940
1.320
1.700
2.070
2.450
2.830
3.210
3.580
3.970
4.350
4.730
5.100
5.480
5.860
6.240
6.610
7.000
7.380
7.760
8.130
8.510
8.890
9.270
9.640
10.030
10.410
10.790
11.160
11.540
11.920
12.300
12.670
13.060
13.440
13.820
14.190
14.580
14.950
15.330
15.720
16.090
16.460
16.850
17.220
17.610
17.980
18.360
18.750
19.130
19.490
19.880
20.250
20.640
21.010
21.390
21.770
22.150
22.520
22.910
23.280
23.670
24.040
24.420
24.810
25.180
25.550
25.940
26.310
26.700
27.070
27.450
27.830
28.220
28.580
28.970
