0.210
0.590
0.950
1.320
1.680
2.040
2.410
2.780
3.140
3.500
3.870
4.240
4.600
4.960
5.330
5.690
6.050
6.420
6.790
7.150
7.510
7.880
8.250
8.610
8.970
9.340
9.710
10.070
10.430
10.790
11.160
11.530
11.890
12.260
12.630
12.990
13.350
13.710
14.080
14.450
14.810
15.170
15.540
15.910
16.270
16.630
17.000
17.360
17.720
18.090
18.460
18.830
19.180
19.550
19.920
20.280
20.640
21.010
21.380
21.740
22.100
22.470
22.840
23.210
23.570
23.930
24.290
24.660
25.020
25.380
25.750
26.120
26.480
26.850
27.210
27.570
27.940
28.300
28.670
29.030
29.400
29.760
30.130
30.490
30.850
31.220
31.580
31.950
32.310
32.680
33.050
33.410
33.770
34.140
34.500
34.880
35.240
35.600
35.960
36.330
36.690
37.050
37.420
37.790
38.150
38.520
38.880
39.240
39.610
39.970
40.340
40.700
41.060
41.430
41.800
42.170
42.520
42.890
43.260
43.630
43.980
44.350
44.710
45.080
45.440
45.800
46.170
46.540
46.910
47.270
47.640
48.000
48.360
48.720
49.090
49.460
49.820
50.180
50.550
50.910
51.280
51.640
52.010
52.370
52.730
53.100
53.470
53.830
54.190
54.560
54.930
55.290
55.650
56.020
56.390
56.750
57.110
57.470
57.840
58.210
58.580
58.940
59.310
59.670
60.030
60.390
60.760
61.130
61.490
61.850
62.230
62.580
62.950
63.310
63.680
64.040
64.400
64.760
65.130
65.510
65.870
66.230
66.610
66.970
67.330
67.690
68.070
68.420
68.780
69.140
69.510
69.870
