0.190
0.620
1.040
1.470
1.900
2.320
2.750
3.180
3.610
4.030
4.450
4.890
5.310
5.740
6.160
6.600
7.020
7.450
7.870
8.300
8.730
9.160
9.580
10.010
10.440
10.860
11.290
11.720
12.140
12.570
13.000
13.430
13.850
14.280
14.710
15.140
15.560
15.990
16.420
16.840
17.270
17.690
18.130
18.550
18.980
19.400
19.830
20.260
20.690
21.110
21.540
21.970
22.390
22.820
23.250
23.670
24.100
24.520
24.960
25.380
25.810
26.230
26.670
27.090
27.520
27.940
28.370
28.800
29.230
29.650
30.090
30.510
30.940
31.360
31.800
32.220
32.640
33.070
33.500
33.920
34.340
34.770
35.200
35.630
36.060
36.480
36.910
37.330
37.760
38.190
38.620
