0.360
0.760
1.140
1.550
1.930
2.290
2.640
2.980
3.350
3.680
4.050
4.390
4.770
5.120
5.540
5.970
6.380
6.800
7.240
7.660
8.080
8.480
8.910
9.310
9.740
10.150
10.540
10.950
11.380
11.790
12.200
12.630
13.050
13.450
13.880
14.290
14.700
15.090
15.530
15.980
16.410
16.870
17.320
17.760
18.210
18.640
19.090
19.520
19.950
20.400
20.850
21.280
21.710
22.130
22.580
22.990
23.440
23.850
24.310
24.790
25.330
25.860
26.390
26.900
27.440
27.950
28.490
29.100
29.670
30.300
30.940
31.540
32.180
32.820
33.460
33.990
34.470
34.960
35.460
35.980
36.470
36.970
37.470
38.000
38.500
39.000
39.530
