0.420
0.880
1.340
1.790
2.270
2.710
3.190
3.630
4.120
4.620
5.120
5.590
6.070
6.540
7.040
7.500
7.980
8.450
8.970
9.450
9.920
10.390
10.890
11.370
11.830
12.320
12.810
13.270
13.760
14.240
14.750
15.210
15.700
16.190
16.660
17.160
17.630
18.120
18.630
19.100
19.580
20.060
20.560
21.020
21.510
21.980
22.480
22.950
23.420
23.890
24.370
24.840
25.290
25.780
26.270
26.760
27.230
27.700
28.180
28.650
29.130
29.600
30.050
30.540
31.020
31.490
31.980
32.450
32.920
33.410
33.910
34.400
34.880
35.360
35.850
36.330
36.810
37.290
37.780
38.240
38.720
39.210
39.700
40.170
40.650
41.140
41.640
42.120
42.590
43.070
43.560
44.040
44.520
44.990
45.490
45.960
46.450
46.930
47.440
47.900
48.400
48.880
49.380
49.840
50.330
50.810
51.310
51.780
52.280
52.750
53.250
53.710
54.200
54.680
55.160
55.640
56.110
56.590
57.080
57.560
58.020
58.490
58.980
59.440
59.950
60.430
60.920
61.420
61.900
62.380
62.860
63.350
63.850
64.330
64.830
65.320
65.820
66.290
66.810
67.290
67.770
68.260
68.740
69.230
69.710
70.200
70.670
71.150
71.650
72.130
72.610
73.090
73.570
74.060
74.540
75.030
75.510
76.000
76.480
76.960
77.440
77.920
78.410
78.890
79.380
79.860
80.340
80.820
81.300
81.800
82.270
82.750
83.240
83.730
84.220
84.710
85.200
85.680
86.150
86.630
87.100
87.590
88.090
88.580
89.060
89.550
90.050
90.550
91.030
91.540
92.020
92.510
93.000
93.490
93.990
94.490
94.980
95.470
95.980
96.470
96.970
97.470
97.970
98.460
98.940
99.440
99.940
100.430
100.910
101.410
101.920
102.410
102.900
103.400
103.900
104.390
104.880
105.380
105.870
106.360
106.860
107.340
107.830
108.310
108.810
109.310
109.810
110.270
110.780
111.280
111.770
112.270
112.750
113.260
113.740
114.240
114.730
115.240
115.720
116.200
116.710
117.200
117.690
118.180
118.660
119.150
119.640
120.120
120.620
121.090
121.590
122.070
122.570
123.050
123.540
124.030
124.510
124.990
125.470
125.950
126.440
126.930
127.400
127.880
128.370
128.830
129.310
129.790
130.280
130.760
131.250
131.730
132.210
132.700
133.200
133.690
134.170
134.650
135.140
135.630
136.120
136.630
137.130
137.630
138.120
138.630
139.130
139.630
140.130
140.640
141.120
141.610
142.100
142.590
143.100
143.580
144.080
144.570
145.060
145.540
146.030
146.520
147.020
147.500
147.980
148.480
148.960
149.450
149.930
150.430
150.930
151.410
151.910
152.410
152.880
153.370
153.850
154.350
154.850
155.330
155.830
156.310
156.800
157.290
157.790
158.270
158.760
159.260
159.760
160.250
160.740
161.230
161.720
162.200
162.700
163.190
163.680
164.170
164.660
165.150
165.620
166.130
166.600
167.080
167.570
168.070
168.540
169.030
169.500
169.990
170.470
170.950
171.420
171.910
172.380
172.860
173.340
173.800
174.280
174.760
175.250
175.730
176.200
176.690
177.170
177.650
178.130
178.600
179.080
179.550
180.050
180.530
181.000
181.480
181.960
182.440
182.910
183.410
183.880
184.370
184.840
185.320
185.790
186.290
186.760
187.250
187.710
