0.480
0.960
1.440
1.930
2.430
2.910
3.400
3.900
4.400
4.880
5.340
5.810
6.290
6.750
7.240
7.740
8.230
8.730
9.230
9.720
10.210
10.720
11.200
11.700
12.200
12.700
13.200
13.690
14.200
14.710
15.210
15.710
16.220
16.720
17.210
17.710
18.190
18.710
19.190
19.690
20.180
20.680
21.180
21.680
22.180
22.690
23.190
23.700
24.190
24.680
25.190
25.690
26.170
26.690
27.180
27.670
28.150
28.640
29.160
29.650
30.150
30.640
31.140
31.620
32.130
32.610
33.120
33.620
34.120
34.620
35.100
35.600
36.080
36.590
37.080
37.590
38.080
38.580
39.080
39.580
40.080
40.570
41.040
41.540
42.020
42.530
43.030
43.530
44.030
44.530
45.030
45.520
46.030
46.530
47.010
47.510
48.010
48.500
49.000
49.490
50.000
50.500
51.000
51.510
52.010
52.510
53.010
53.500
54.000
54.490
55.000
55.490
55.960
56.450
56.940
57.450
57.960
58.470
58.970
59.470
59.980
60.490
60.990
61.480
61.990
62.490
62.980
63.470
63.960
64.470
64.970
65.460
65.960
66.460
66.970
67.470
67.960
68.460
68.960
69.460
69.950
70.430
70.920
71.420
71.920
72.390
72.890
73.400
73.890
74.370
74.870
75.350
75.830
76.310
76.800
77.270
77.750
78.230
78.690
79.180
79.640
80.150
80.620
81.110
81.620
82.120
82.580
83.080
83.560
84.050
84.520
84.990
85.470
85.950
86.400
86.880
87.360
87.860
88.350
88.850
89.340
89.830
90.310
90.800
91.280
91.780
92.260
92.760
93.260
93.740
94.220
94.710
95.190
95.680
96.170
96.670
97.170
97.670
98.180
98.670
99.180
99.680
100.180
100.670
101.170
101.670
102.150
102.640
103.130
103.640
104.140
104.640
105.120
105.630
106.130
106.630
107.130
107.620
108.110
108.600
109.110
109.590
110.090
110.570
111.060
111.560
112.050
112.540
113.040
113.530
114.020
114.530
115.020
115.510
116.010
116.520
117.020
117.510
118.010
118.510
119.000
119.520
119.990
120.480
121.000
121.470
121.980
122.470
122.950
123.430
123.900
124.370
124.870
125.350
125.820
126.300
126.770
127.290
127.750
128.240
128.740
129.230
129.740
130.220
130.700
131.210
131.670
132.170
132.650
133.140
133.630
134.130
134.620
135.130
135.630
136.130
136.610
137.120
137.630
138.130
138.610
139.110
139.630
140.130
140.620
141.120
141.620
142.110
142.610
143.100
143.580
144.070
144.590
145.090
145.570
146.080
146.590
147.070
147.570
148.090
148.580
149.090
149.590
150.070
150.570
151.070
151.560
152.070
152.570
153.080
153.580
154.070
154.570
155.080
155.570
156.060
156.570
157.050
157.540
158.030
158.510
158.990
159.510
159.990
160.490
160.980
161.480
161.980
162.480
162.980
163.470
163.970
164.460
164.940
165.410
165.910
166.420
166.900
167.400
167.890
168.390
168.880
169.390
169.890
170.380
170.870
171.370
171.860
172.350
172.840
173.310
