4.510
5.180
5.830
6.510
7.210
7.890
8.540
9.190
9.820
10.470
11.090
11.740
12.370
13.050
13.700
14.340
14.980
15.620
16.270
16.890
17.530
18.180
18.830
19.460
20.110
20.750
21.380
21.990
22.640
23.300
23.950
24.580
25.220
25.880
26.520
27.150
27.780
28.430
29.080
29.700
30.340
31.000
31.630
32.250
32.880
33.530
34.170
34.790
35.420
36.060
36.690
37.310
37.920
38.570
39.220
39.850
40.490
41.130
41.750
42.360
42.990
43.630
44.270
44.920
45.560
46.190
46.820
47.450
48.080
48.720
49.350
49.980
50.610
51.240
51.870
52.500
53.120
53.760
54.410
55.080
55.730
56.390
57.040
57.690
58.340
58.980
59.620
60.280
60.930
61.570
62.210
62.850
63.470
64.090
64.710
65.340
65.970
66.590
67.220
67.840
68.470
69.090
69.710
70.340
70.970
71.610
72.230
72.860
73.470
74.100
74.720
75.330
75.930
76.550
77.170
77.800
78.420
79.040
79.670
80.280
80.900
81.510
82.140
82.750
83.350
83.970
84.570
85.180
85.800
86.420
87.020
87.630
88.240
88.860
89.470
90.070
90.680
91.300
91.910
92.520
93.130
93.740
94.350
94.960
95.560
96.180
96.800
97.430
98.070
98.710
99.350
99.960
100.590
101.200
101.810
102.420
103.030
103.640
104.250
104.850
105.450
106.080
106.690
107.290
107.900
108.520
109.140
109.750
110.360
110.970
111.570
112.160
112.770
113.380
114.010
114.630
115.240
115.860
116.480
117.090
117.690
118.310
118.940
119.570
120.180
120.810
121.410
122.030
