0.720
1.200
1.670
2.150
2.640
3.110
3.570
4.050
4.530
5.000
5.490
5.950
6.420
6.890
7.370
7.850
8.320
8.780
9.240
9.720
10.170
10.620
11.070
11.540
12.000
12.450
12.920
13.380
13.830
14.290
14.750
15.210
15.660
16.120
16.570
17.020
17.470
17.910
18.370
18.820
19.270
19.730
20.190
20.650
21.100
21.560
22.010
22.480
22.910
23.370
23.820
24.270
24.720
25.180
25.630
26.080
26.530
26.980
27.430
27.890
28.340
28.800
29.240
29.690
30.140
30.590
31.040
31.510
31.960
32.410
32.860
33.310
33.770
34.230
34.680
35.140
35.590
36.040
36.490
36.950
37.390
37.850
38.290
38.750
39.210
39.660
40.110
40.560
41.010
41.460
41.920
42.370
42.810
43.270
43.730
44.180
44.640
45.110
45.560
46.010
46.470
46.920
47.380
47.830
48.270
48.740
49.170
49.640
50.090
50.550
51.000
51.470
51.920
52.390
52.840
53.300
53.750
54.210
54.660
55.110
55.560
56.020
56.470
56.920
57.380
57.840
58.300
58.750
59.200
59.650
60.110
60.570
61.020
61.470
61.910
62.370
62.820
63.270
63.730
64.180
64.630
65.090
65.540
65.990
66.440
66.890
67.340
67.790
68.240
68.700
69.150
69.580
70.040
70.490
70.940
71.390
71.850
72.300
72.750
73.210
73.670
74.130
74.590
75.050
75.490
75.950
76.410
76.870
77.320
77.780
78.230
78.690
79.130
79.600
80.060
80.520
80.970
81.440
81.900
82.360
82.800
83.270
83.720
84.190
84.640
85.110
85.570
86.030
86.480
86.940
87.400
87.860
88.310
88.760
89.220
89.680
90.130
90.580
91.030
91.480
91.940
92.400
92.850
93.310
93.760
94.220
94.670
95.120
95.570
96.030
96.470
96.920
97.380
97.840
98.280
98.740
99.190
99.640
100.090
100.540
100.980
101.450
101.900
102.360
102.820
103.270
103.730
104.180
104.640
105.090
105.540
106.000
106.440
106.900
107.340
107.800
108.230
108.700
109.140
109.600
110.050
110.510
110.980
111.420
111.880
112.360
112.810
113.270
113.720
114.180
114.630
115.100
115.540
116.000
116.450
116.900
117.360
117.820
118.280
118.740
119.200
119.660
120.120
120.570
121.020
121.480
121.940
122.400
122.860
123.320
123.790
124.240
124.700
125.180
125.620
126.100
126.540
127.000
127.460
127.930
128.380
128.850
129.310
129.770
130.230
130.680
131.140
131.600
132.060
132.520
132.980
133.460
