0.360
0.790
1.230
1.650
2.100
2.520
2.950
3.390
3.840
4.260
4.710
5.140
5.580
6.010
6.440
6.880
7.320
7.750
8.190
8.630
9.060
9.480
9.930
10.370
10.820
11.240
11.700
12.120
12.570
12.990
13.440
13.860
14.320
14.740
15.200
15.620
16.060
16.490
16.920
17.360
17.800
18.220
18.660
19.080
19.520
19.960
20.380
20.800
21.230
21.660
22.100
22.530
22.960
23.390
23.810
24.250
24.680
25.110
25.540
25.950
26.390
26.810
27.250
27.670
28.110
28.530
28.980
29.390
29.820
30.250
30.700
31.110
31.560
31.980
32.420
32.840
33.280
33.690
34.130
34.540
34.980
35.400
35.830
36.250
36.690
37.110
37.550
37.970
38.390
38.810
39.240
39.660
40.070
40.510
40.940
41.360
41.790
42.220
42.630
43.050
43.470
43.890
44.320
44.730
45.160
45.580
46.010
46.420
46.850
47.280
47.710
48.130
48.550
49.000
49.410
49.850
50.280
50.730
51.170
51.600
52.020
52.450
52.860
53.280
53.710
54.120
54.540
54.960
55.380
55.800
56.240
56.650
57.070
57.480
57.910
58.330
58.760
59.190
59.620
60.040
60.460
60.880
61.310
61.730
62.160
62.580
63.010
63.440
63.860
64.290
64.720
65.150
65.580
66.020
66.450
66.890
67.320
67.740
68.180
68.600
69.040
69.450
69.900
70.330
70.730
71.150
71.580
71.990
72.440
72.860
73.290
73.720
74.140
74.590
75.010
75.450
75.850
76.270
76.700
77.120
77.540
77.960
78.390
78.810
79.220
79.650
80.070
80.470
80.900
81.320
81.750
82.170
82.590
83.020
83.450
83.880
84.310
84.720
85.150
85.590
86.010
86.430
86.850
87.280
87.700
88.120
88.540
88.970
89.390
89.810
90.230
90.640
91.090
91.520
91.940
92.370
92.800
93.240
93.650
94.080
94.500
94.920
95.350
95.760
96.190
96.610
97.030
97.460
97.880
98.300
98.720
99.120
99.560
99.980
100.400
100.820
101.250
101.680
102.100
102.530
102.950
103.380
103.790
104.220
104.630
105.060
105.480
105.880
106.300
106.720
107.150
107.560
107.980
108.400
108.830
109.240
109.660
110.090
110.510
110.920
111.360
111.770
112.200
112.600
113.040
113.440
113.870
114.280
114.720
115.140
115.580
116.000
116.420
116.850
117.270
117.690
118.110
118.540
118.950
119.390
119.820
120.240
120.670
121.100
121.520
121.970
122.390
122.830
123.250
123.670
124.120
124.540
124.980
125.400
125.830
126.250
126.690
127.120
127.550
127.970
128.410
128.830
129.260
129.680
130.100
130.520
130.940
131.360
131.790
132.200
132.630
133.050
133.470
133.900
134.310
134.720
135.150
135.580
135.990
136.410
136.830
137.240
137.670
138.090
138.520
138.940
139.380
139.790
140.220
140.640
141.060
141.480
141.900
142.320
142.750
143.170
143.590
144.020
144.430
144.860
145.260
145.700
146.110
146.520
146.960
147.380
147.800
148.220
148.660
149.070
149.510
149.940
150.370
150.790
151.230
151.650
152.090
152.530
152.950
153.390
153.800
154.220
154.650
155.070
155.500
155.920
156.340
156.760
157.180
