0.440
0.810
1.180
1.560
1.930
2.300
2.670
3.040
3.400
3.750
4.120
4.490
4.850
5.240
5.590
5.970
6.340
6.700
7.080
7.460
7.840
8.230
8.600
8.970
9.360
9.740
10.110
10.510
10.880
11.240
11.600
11.990
12.340
12.760
13.270
13.780
14.320
14.870
15.400
15.960
16.480
17.020
17.540
18.040
18.560
19.090
19.640
20.150
20.700
21.220
21.730
22.250
22.750
23.290
23.810
24.320
24.860
25.380
25.890
26.400
26.920
27.470
28.000
28.530
29.060
29.590
30.120
30.660
31.160
31.700
32.220
32.770
33.310
33.840
34.370
34.890
35.400
35.890
36.390
36.900
37.410
37.920
38.440
38.960
39.470
39.980
40.490
41.010
41.530
42.030
42.540
43.090
43.600
44.120
44.630
45.140
45.670
46.180
46.690
47.210
47.710
48.210
48.720
49.240
49.750
50.260
50.770
51.280
51.800
52.320
52.820
53.340
53.840
54.330
54.850
55.360
55.830
56.310
56.800
57.290
57.780
58.270
58.780
59.280
59.760
60.250
60.740
61.210
61.700
62.200
62.730
63.220
63.730
64.220
64.750
65.290
65.780
66.300
66.810
67.330
67.850
68.360
68.870
69.370
69.870
70.390
70.900
71.420
71.920
72.430
72.940
73.450
73.950
74.470
74.990
75.510
76.010
76.520
77.040
77.550
78.050
78.570
79.080
79.590
80.110
80.630
81.140
81.660
82.160
82.670
83.190
83.690
84.220
84.720
85.240
85.750
86.260
86.760
87.250
87.760
88.260
88.760
89.280
89.800
90.300
90.810
91.320
91.830
92.350
92.850
93.370
93.880
94.390
94.900
95.390
95.920
96.430
96.950
97.450
97.970
98.460
98.980
99.500
100.010
100.530
101.050
101.540
102.070
102.580
103.080
103.590
104.100
104.570
105.070
105.600
106.080
106.590
107.100
107.580
108.100
108.570
109.090
109.600
110.080
110.590
111.090
111.550
112.060
112.540
113.060
113.580
114.100
114.600
115.100
115.630
116.160
116.690
117.200
117.610
118.050
118.470
118.890
119.310
119.710
120.150
120.550
120.980
121.400
121.810
122.240
122.650
123.060
123.480
123.890
124.290
124.720
125.120
125.540
125.950
126.350
126.760
127.180
127.600
128.020
128.430
128.860
129.260
129.690
130.090
130.510
130.920
131.320
131.720
132.140
132.560
132.970
133.370
133.790
134.180
134.600
135.000
135.420
135.820
136.240
136.640
137.070
137.480
137.890
138.310
138.730
139.130
139.550
139.970
140.380
140.780
141.180
141.600
142.020
142.410
142.860
143.390
143.970
144.540
145.130
145.670
146.240
146.820
147.370
147.940
148.490
149.040
149.590
150.130
150.690
151.220
151.760
152.310
152.820
153.380
153.920
154.450
155.000
155.530
156.070
156.600
157.150
157.690
158.220
158.760
159.320
159.860
160.370
160.900
161.440
161.990
162.510
163.030
163.570
164.110
164.640
165.170
165.700
166.230
166.760
167.270
167.790
168.330
168.860
169.390
169.930
170.450
171.000
171.510
172.040
172.590
173.140
173.660
174.210
174.750
175.280
175.820
176.360
176.890
177.420
177.960
178.490
179.020
179.550
180.080
180.610
181.140
181.680
182.200
182.730
183.270
183.790
184.330
184.860
185.380
185.870
186.380
186.910
187.430
187.940
188.440
188.950
189.460
189.950
190.480
190.990
191.490
192.000
192.500
192.990
193.480
193.980
194.490
195.010
195.540
196.040
196.550
197.060
197.480
197.900
198.300
198.730
199.140
199.560
200.000
200.400
200.820
201.260
201.660
202.080
202.500
202.910
203.320
203.740
204.140
204.560
204.970
205.390
205.790
206.200
206.600
207.030
207.420
207.840
208.250
208.670
209.080
209.480
209.900
210.320
210.740
211.160
211.580
212.000
212.410
212.830
213.240
213.670
214.080
214.500
214.920
215.330
215.740
216.150
216.580
216.970
217.390
217.800
218.200
218.630
219.030
219.440
219.870
220.280
220.700
221.130
221.540
221.950
222.390
222.800
223.210
223.640
224.100
224.640
225.120
225.660
226.150
226.670
227.180
227.690
228.210
228.730
229.230
229.760
230.280
230.790
231.330
231.840
232.360
232.880
233.410
233.920
234.450
234.970
235.490
236.010
236.520
237.030
237.540
238.060
238.580
239.100
239.610
240.120
240.630
241.150
241.670
242.160
242.680
243.200
243.720
244.230
244.740
245.240
245.750
246.250
246.740
247.220
247.720
248.220
248.740
249.250
249.760
250.280
250.780
251.300
251.830
252.350
252.860
253.380
253.900
254.410
254.920
255.450
255.960
256.480
257.000
257.500
258.020
258.530
259.050
259.550
260.090
260.590
261.120
261.640
262.170
262.680
263.190
263.690
264.220
264.730
265.240
265.760
266.260
266.760
267.280
267.770
268.290
268.790
269.300
269.800
270.300
270.800
271.310
271.810
272.290
272.800
273.300
273.810
274.300
274.820
275.320
275.800
276.220
276.630
277.070
277.470
277.900
278.320
278.750
279.170
279.580
280.000
280.410
280.830
281.250
281.670
282.080
282.500
282.900
283.310
283.730
284.130
284.540
284.960
285.370
285.770
286.200
286.600
287.010
287.420
287.840
288.240
288.660
289.070
289.480
289.900
290.310
290.740
291.140
291.580
291.990
292.400
292.830
293.240
293.670
294.080
294.490
294.890
295.320
295.720
296.140
296.530
296.950
297.360
297.790
298.210
298.620
299.030
299.450
299.870
300.300
300.710
301.130
301.550
301.970
302.400
302.820
303.250
303.670
304.070
304.500
304.920
305.340
305.760
306.190
306.600
307.020
307.440
307.850
308.280
308.680
309.100
309.500
309.920
310.340
310.750
311.160
311.570
311.970
312.400
312.820
313.240
313.660
314.070
314.480
314.910
315.320
315.740
316.170
316.570
316.980
317.410
317.810
318.230
318.630
319.030
319.440
319.860
320.270
320.670
321.100
321.500
321.900
322.320
322.740
323.150
323.570
323.990
324.410
324.830
325.250
325.670
326.090
326.490
326.930
327.330
327.760
328.180
328.590
329.010
329.430
329.850
330.270
330.680
331.100
331.510
331.920
332.320
332.750
333.160
333.580
334.000
334.420
334.840
335.260
335.690
336.100
336.530
336.940
337.370
337.790
338.210
338.620
339.050
339.470
339.890
340.300
340.720
341.150
341.570
341.980
342.400
342.830
343.250
343.650
344.080
344.490
344.910
345.330
345.760
346.170
346.590
347.010
347.430
347.860
348.290
348.710
349.130
349.550
349.980
350.400
350.830
351.260
351.690
352.110
352.540
352.960
353.390
353.810
354.220
354.630
355.030
355.440
355.860
356.270
356.670
357.080
357.480
357.900
358.300
358.710
359.120
359.540
359.950
360.380
360.790
361.220
361.630
362.060
362.480
362.890
363.320
363.730
364.150
364.590
365.000
365.410
365.840
366.260
366.670
367.090
367.500
367.900
368.320
368.730
369.150
369.570
369.990
370.400
370.830
371.240
371.670
372.070
372.510
372.920
373.340
373.750
374.170
374.590
375.010
375.440
375.870
376.290
376.720
377.150
377.580
378.020
378.450
378.870
379.300
379.710
380.140
380.560
380.990
381.410
381.820
382.250
382.670
383.090
383.520
383.940
384.380
384.800
385.220
385.640
386.070
386.470
386.910
387.310
387.740
388.170
388.580
389.010
389.430
389.850
390.290
390.720
391.140
391.570
392.020
392.440
392.870
393.300
393.730
394.150
394.570
394.990
395.410
395.820
396.250
396.660
397.080
397.490
397.910
398.330
398.770
399.180
399.590
400.010
400.430
400.850
401.270
401.690
402.110
402.530
402.950
403.370
403.800
404.220
404.650
405.070
405.480
405.900
406.330
406.750
407.160
407.580
408.000
408.410
408.840
409.250
409.680
410.100
410.520
410.950
411.370
411.800
412.230
412.650
413.090
413.510
413.940
414.360
414.810
415.240
415.670
416.090
416.530
416.950
417.370
417.810
418.250
418.670
419.100
419.530
419.960
420.390
420.820
421.250
421.670
422.100
422.530
422.960
423.390
423.810
424.240
424.650
425.070
425.510
425.930
426.340
426.780
427.210
427.620
428.060
428.480
428.890
429.330
429.750
430.170
430.590
430.990
431.420
431.840
432.250
432.690
433.090
433.520
433.940
434.350
434.780
435.190
435.630
436.070
436.490
436.930
437.360
437.770
438.210
438.630
439.050
439.490
439.900
440.320
440.740
441.180
441.590
442.040
442.450
442.890
443.300
443.720
444.140
444.570
445.000
445.410
445.820
446.250
446.670
447.080
447.520
447.940
448.360
448.780
449.200
449.620
450.050
450.470
450.890
451.320
451.750
452.190
452.620
453.040
453.470
453.920
454.340
454.770
455.210
455.630
456.060
456.490
456.930
457.340
457.790
458.210
458.630
459.060
459.490
459.910
460.340
460.750
461.180
461.610
462.010
462.440
462.870
463.290
463.710
464.120
