0.430
1.050
1.650
2.250
2.790
3.340
3.920
4.490
5.040
5.620
6.200
6.800
7.370
7.920
8.480
9.060
9.650
10.230
10.820
11.410
12.000
12.580
13.170
13.730
14.330
14.910
15.510
16.080
16.660
17.230
17.820
18.370
18.960
19.550
20.130
20.710
21.280
21.870
22.460
23.030
23.600
24.190
24.790
25.370
25.950
26.520
27.120
27.680
28.250
28.860
29.450
30.030
30.600
31.190
31.780
32.360
32.930
33.510
34.070
34.650
35.220
35.800
36.370
36.940
37.530
38.120
38.710
39.280
39.860
40.440
41.030
41.580
42.150
42.730
43.300
43.870
44.440
45.010
45.580
46.160
46.740
47.340
47.940
48.520
49.110
49.690
50.280
50.860
51.440
52.020
52.610
53.200
53.790
54.370
54.960
55.520
56.120
56.700
57.310
57.910
58.500
59.080
59.670
60.260
60.860
61.430
62.030
62.620
63.180
63.770
64.350
64.920
65.520
66.120
66.720
67.310
67.900
68.470
69.070
69.650
70.240
70.830
71.410
71.990
72.580
73.150
73.730
74.300
74.860
75.450
76.010
76.590
77.160
77.740
78.300
78.870
79.460
80.060
80.670
81.240
81.840
82.430
83.020
83.580
84.140
84.730
85.300
85.860
86.430
87.000
87.560
88.130
88.710
89.310
89.890
90.490
91.080
91.660
92.250
92.830
93.410
93.990
94.570
95.150
95.730
96.300
96.880
97.460
98.040
98.610
99.200
99.780
100.370
100.930
101.510
102.080
102.650
103.240
103.820
104.390
104.980
105.540
106.110
106.690
107.280
107.860
108.460
109.040
109.620
110.180
110.740
111.330
111.890
112.440
113.030
113.610
114.180
114.730
115.310
115.900
116.470
117.050
117.660
118.240
118.820
119.400
119.970
120.530
121.130
121.680
122.270
122.840
123.380
123.970
124.540
125.110
125.690
126.260
126.830
127.410
128.020
128.580
129.170
129.760
130.370
130.990
131.570
132.180
132.760
133.350
133.960
134.520
135.110
135.720
136.310
136.880
137.470
138.060
138.670
139.240
139.840
140.440
