0.410
0.850
1.330
1.790
2.240
2.710
3.160
3.630
4.080
4.560
5.020
5.480
5.950
6.400
6.880
7.340
7.810
8.270
8.740
9.210
9.680
10.140
10.610
11.080
11.540
12.000
12.470
12.930
13.400
13.860
14.320
14.780
15.240
15.700
16.170
16.630
17.100
17.570
18.040
18.500
18.940
19.420
19.890
20.360
20.830
21.290
21.750
22.210
22.670
23.130
23.590
24.060
24.530
24.980
25.450
25.920
26.390
26.840
27.300
27.760
28.230
28.680
29.150
29.610
30.060
30.520
30.990
31.450
31.910
32.380
32.840
33.290
33.740
34.220
34.690
35.150
35.620
36.080
36.550
37.000
37.460
37.930
38.400
38.850
39.320
39.780
40.250
40.710
41.180
41.640
42.110
42.580
43.040
43.510
43.970
44.440
44.900
45.380
45.850
46.310
46.780
47.250
47.720
48.180
48.650
49.120
49.590
50.070
50.540
51.010
51.480
51.940
52.410
52.890
53.350
53.830
54.300
54.780
55.260
55.730
56.200
56.670
57.130
57.600
58.070
58.550
59.010
59.480
59.950
60.430
60.910
61.370
61.850
62.320
62.780
63.250
63.710
64.190
64.660
65.130
65.600
66.070
66.540
67.000
67.470
67.950
68.420
68.890
69.360
69.830
70.310
70.770
71.240
71.720
72.190
72.660
73.120
73.580
74.060
74.520
75.000
75.470
75.940
76.400
76.880
77.340
77.820
78.290
78.750
79.220
79.690
80.160
80.630
81.100
81.580
82.040
82.520
82.980
83.450
83.920
84.410
84.870
85.350
85.810
86.300
86.780
87.250
87.720
88.200
88.700
89.160
89.640
90.120
90.600
91.080
91.530
92.020
92.490
92.940
93.410
93.880
94.360
94.820
95.300
95.780
96.250
96.710
97.190
97.660
98.130
98.600
99.070
99.550
100.040
100.500
100.980
101.470
101.960
102.420
102.910
103.390
103.860
104.350
104.830
105.310
105.790
106.270
106.740
107.200
107.690
108.150
108.620
109.090
109.590
110.070
110.540
111.010
111.490
111.990
112.460
112.950
113.430
113.900
114.380
114.870
115.340
115.810
116.290
116.790
117.260
117.730
118.230
118.710
119.180
119.670
120.140
120.620
121.110
121.580
122.050
122.530
123.010
123.490
123.970
124.450
124.930
125.410
125.890
126.360
126.840
127.320
127.780
128.250
128.720
129.200
129.670
130.150
130.630
131.100
131.590
132.050
132.540
133.000
133.470
133.940
134.420
134.900
135.370
135.840
136.310
136.780
