0.660
1.010
1.360
1.720
2.070
2.430
2.780
3.130
3.490
3.850
4.200
4.550
4.900
5.260
5.610
5.970
6.320
6.680
7.030
7.390
7.730
8.090
8.440
8.800
9.150
9.500
9.840
10.190
10.530
10.860
11.200
11.540
11.890
12.250
12.600
12.950
13.310
13.670
14.020
14.380
14.730
15.090
15.440
15.790
16.140
16.490
16.850
17.210
17.560
17.920
18.280
18.640
18.990
19.350
19.690
20.050
20.400
20.760
21.110
21.460
21.810
22.170
22.520
22.870
23.220
23.570
23.920
24.270
24.610
24.970
25.330
25.690
26.050
26.410
26.760
27.100
27.460
27.820
28.170
28.530
28.900
29.250
29.610
29.960
30.320
30.670
31.030
31.380
31.730
32.090
32.430
32.780
33.130
33.490
33.840
34.190
34.550
34.910
35.250
35.600
35.950
36.310
36.660
37.020
37.360
37.720
38.060
38.410
38.770
39.120
39.470
39.830
40.180
40.540
40.890
41.250
41.600
41.950
42.300
42.670
43.020
43.370
43.720
44.070
44.430
44.790
45.140
45.510
45.850
46.210
46.560
46.920
47.270
47.630
47.990
48.350
48.710
49.060
49.420
49.780
50.130
50.490
50.840
51.200
51.560
51.910
52.260
52.610
52.960
53.310
53.680
54.030
54.380
54.730
55.080
55.430
55.790
56.150
56.500
56.850
57.200
57.550
57.900
58.250
58.600
58.950
59.300
59.650
60.000
60.340
60.700
61.050
61.400
61.740
62.090
62.440
62.790
63.140
63.500
63.850
64.190
64.540
64.890
65.230
65.580
65.940
66.280
66.630
66.990
67.320
67.660
67.990
68.340
68.690
69.040
69.390
69.750
70.100
70.450
70.810
71.160
71.510
71.860
72.200
72.560
72.910
73.260
73.610
73.960
74.310
74.660
75.010
75.360
75.720
76.080
76.440
76.800
77.150
77.520
77.880
78.230
78.590
78.940
79.310
79.660
80.020
80.380
80.750
81.100
81.460
81.810
82.180
82.530
82.870
83.230
83.590
83.950
84.300
84.660
85.030
85.380
85.740
86.090
86.460
86.810
87.160
87.510
87.860
88.220
88.570
88.930
89.280
89.620
89.960
90.310
90.660
91.010
91.360
91.710
92.070
92.430
92.760
93.130
93.470
93.830
94.180
94.530
94.880
95.240
95.590
95.960
96.320
96.670
97.020
97.380
97.740
98.100
98.460
98.810
99.160
99.520
99.870
100.230
100.590
100.940
101.300
101.650
102.030
102.380
102.750
103.090
103.450
103.800
104.160
104.510
104.870
105.210
105.560
105.910
106.250
106.610
106.960
107.320
107.660
108.020
108.370
108.720
109.080
109.440
109.800
110.140
110.500
110.850
111.190
111.550
111.910
112.260
112.600
112.960
113.310
113.660
114.010
114.360
114.710
115.060
115.410
115.760
116.110
116.450
116.800
117.160
117.500
117.860
118.200
118.550
118.900
119.250
119.590
119.950
120.300
120.640
120.990
121.340
121.690
122.030
122.370
122.730
123.050
123.410
123.750
124.090
124.430
124.770
125.110
125.460
125.820
126.170
126.520
126.870
127.220
127.580
127.930
128.280
128.640
129.000
129.340
129.710
130.060
130.420
130.780
131.140
131.490
131.840
132.190
132.540
132.900
133.250
133.610
133.950
134.300
134.660
135.010
135.360
135.720
136.080
136.440
136.800
137.160
137.510
137.860
138.230
138.600
138.960
139.310
139.670
140.020
140.380
140.740
141.100
141.460
141.820
142.180
142.530
142.890
143.240
143.600
143.950
144.300
144.660
145.020
145.370
145.740
146.090
146.460
146.820
147.180
147.520
147.890
148.240
148.600
148.960
149.340
149.680
