0.520
0.930
1.350
1.740
2.150
2.560
2.960
3.380
3.770
4.180
4.600
5.010
5.420
5.840
6.260
6.690
7.080
7.510
7.920
8.310
8.740
9.170
9.580
9.990
10.400
10.810
11.230
11.650
12.060
12.480
12.900
13.320
13.730
14.150
14.570
14.990
15.420
15.830
16.250
16.670
17.080
17.500
17.920
18.330
18.760
19.180
19.590
20.010
20.420
20.840
21.260
21.680
22.110
22.550
22.970
23.400
23.810
24.230
24.640
25.080
25.490
25.910
26.320
26.740
27.160
27.580
28.000
28.430
28.840
29.270
29.690
30.120
30.520
30.960
31.400
31.830
32.250
32.680
33.120
33.550
33.960
34.390
34.810
35.230
35.640
36.060
36.490
36.920
37.340
37.760
38.180
38.610
39.020
39.450
39.860
40.300
40.710
41.120
41.540
41.960
42.390
42.820
43.240
43.660
44.080
44.510
44.930
45.350
45.770
46.190
46.620
47.050
47.460
47.900
48.330
48.770
49.180
49.610
50.040
50.470
50.890
51.320
51.740
52.170
52.590
53.000
53.430
53.850
54.250
54.670
55.090
55.530
55.940
56.380
56.810
57.240
57.660
58.090
58.510
58.960
59.380
59.820
60.250
60.680
61.100
61.540
61.950
62.400
62.820
63.250
63.670
64.110
64.540
64.970
65.400
65.840
66.260
66.700
67.130
67.570
68.000
68.430
68.880
69.330
69.770
70.200
70.640
71.080
71.510
71.950
72.380
72.810
73.240
73.670
74.100
74.530
74.960
75.390
75.810
76.250
76.670
77.110
77.520
77.960
78.380
78.810
79.260
79.690
80.110
80.540
80.960
81.390
81.820
82.250
82.680
83.110
83.540
83.970
84.400
84.830
85.260
85.710
86.120
86.560
86.980
87.410
87.850
88.280
88.700
89.140
89.560
90.000
90.430
90.850
91.280
91.710
92.150
92.580
93.010
93.430
93.860
94.300
94.720
95.160
95.600
96.030
96.460
96.890
97.310
97.730
98.150
98.560
98.980
99.390
99.810
100.230
100.650
101.060
101.460
101.870
102.280
102.690
103.100
103.520
103.930
104.350
104.760
105.170
105.580
105.980
106.400
106.820
107.260
107.680
