0.460
0.900
1.320
1.740
2.190
2.610
3.020
3.450
3.860
4.280
4.700
5.130
5.550
5.980
6.420
6.850
7.280
7.690
8.120
8.570
9.000
9.420
9.820
10.260
10.660
11.090
11.530
11.950
12.370
12.800
13.240
13.670
14.100
14.520
14.950
15.390
15.810
16.240
16.690
17.120
17.530
17.970
18.390
18.850
19.270
19.700
20.140
20.580
21.000
21.440
21.850
22.290
22.730
23.160
23.570
24.020
24.440
24.880
25.290
25.720
26.150
26.580
26.980
27.430
27.840
28.280
28.710
29.150
29.560
30.000
30.420
30.870
31.280
31.720
32.150
32.590
33.020
33.460
33.890
34.330
34.760
35.180
35.600
36.040
36.460
36.900
37.330
37.770
38.180
38.620
39.040
39.490
39.900
40.330
40.770
41.190
41.620
42.050
42.480
42.930
43.360
43.790
44.230
44.660
45.080
45.520
45.950
46.380
46.810
47.240
47.670
48.110
48.540
48.960
49.380
49.830
50.260
50.690
51.100
51.530
51.970
52.410
52.820
53.250
53.680
54.120
54.540
54.970
55.400
55.830
56.270
56.700
57.120
57.560
58.000
58.440
58.860
59.310
59.750
60.190
60.620
61.040
61.460
61.870
62.280
62.700
63.150
63.590
64.030
64.470
64.910
65.350
65.790
66.220
66.650
67.080
67.520
67.950
68.370
68.810
69.250
69.670
70.110
70.550
70.990
71.420
71.870
72.290
72.740
73.170
73.610
74.050
74.490
74.930
75.380
75.820
76.260
76.710
77.150
77.590
78.030
78.470
78.900
79.330
79.770
80.210
80.650
81.110
81.530
81.970
82.410
82.830
83.260
83.690
84.120
84.550
84.970
85.410
85.850
86.270
86.700
87.140
87.580
88.020
88.450
88.900
89.330
89.780
90.200
90.640
91.080
91.530
91.970
92.410
92.830
93.270
93.690
94.140
94.550
94.980
95.420
95.860
96.270
96.720
97.130
97.580
98.010
98.440
98.860
99.300
99.720
100.170
100.600
101.040
101.490
101.930
102.370
102.800
103.240
103.690
104.110
104.560
105.000
105.440
105.880
106.310
106.750
107.200
107.630
108.070
108.500
108.940
109.370
109.800
110.240
110.670
111.100
111.540
111.980
112.420
112.860
113.290
113.740
114.160
114.600
115.040
115.480
115.930
116.400
116.850
117.300
117.770
118.230
118.670
119.130
119.610
120.090
120.580
121.060
121.540
122.010
122.500
122.980
