0.200
0.920
1.640
2.360
3.090
3.800
4.510
5.220
5.960
6.720
7.450
8.190
8.920
9.650
10.390
11.140
11.890
12.640
13.390
14.140
14.860
15.590
16.330
17.050
17.750
18.500
19.250
19.990
20.730
21.450
22.210
22.940
23.660
24.420
25.170
25.910
26.650
27.410
28.130
28.840
29.570
30.320
31.040
31.790
32.530
33.300
34.030
34.760
35.500
36.230
36.970
37.680
38.420
39.170
39.920
40.670
41.420
42.160
42.900
43.600
44.330
45.080
45.820
46.570
47.320
48.060
48.840
49.550
50.300
50.990
51.730
52.490
53.230
53.970
54.690
55.460
56.210
56.970
57.710
58.470
59.210
59.950
60.680
61.440
62.170
62.930
63.650
64.410
65.160
65.910
66.640
67.400
68.140
68.870
69.600
70.370
71.100
71.830
72.560
73.310
74.050
74.780
75.530
76.280
77.050
77.800
78.540
79.260
80.020
80.750
81.470
82.230
82.960
83.690
84.450
85.200
85.940
86.670
87.390
88.180
88.930
89.670
90.390
91.160
91.900
92.640
93.350
94.140
94.880
95.620
96.370
97.120
97.880
98.630
99.360
100.130
100.870
101.600
102.320
103.080
103.840
104.590
105.330
106.090
106.830
107.550
108.270
109.030
109.800
110.560
111.290
112.040
