0.350
1.280
2.240
3.200
4.170
5.130
6.100
7.010
7.950
8.880
9.820
10.760
11.630
12.530
13.500
14.400
15.320
16.200
17.130
18.050
18.980
19.870
20.790
21.680
22.630
23.530
24.470
25.380
26.320
27.220
28.150
29.070
29.980
30.860
31.750
32.650
33.550
34.440
35.410
36.330
37.240
38.180
39.140
40.050
41.000
41.950
42.870
43.770
44.670
45.550
46.500
47.370
48.310
49.210
50.140
51.030
51.970
52.860
53.740
54.630
55.570
56.480
57.450
58.330
59.220
60.070
60.980
61.890
62.790
63.690
64.580
65.490
66.400
67.290
68.220
69.150
70.070
70.990
71.940
72.850
73.760
74.640
75.530
76.380
77.230
78.060
78.940
79.770
80.630
81.450
82.320
83.170
84.020
84.860
85.730
86.590
87.460
88.300
89.150
90.000
90.830
91.660
92.510
93.340
94.210
95.050
95.870
96.730
97.540
98.420
99.250
100.120
100.990
101.870
102.790
103.710
104.600
105.530
106.410
107.310
108.180
109.050
109.950
110.840
111.760
112.660
113.530
114.420
115.300
116.140
117.040
117.950
118.850
119.760
120.660
121.550
122.450
123.360
124.240
125.130
126.010
126.880
127.750
128.630
129.490
130.380
131.280
132.190
133.080
133.990
134.910
135.810
136.740
137.650
138.540
139.450
140.380
141.280
142.190
143.090
143.980
144.900
145.810
146.690
147.570
148.440
149.330
150.250
151.160
152.070
152.980
153.880
154.750
155.640
156.530
157.440
158.330
159.210
160.130
161.020
161.920
162.820
163.740
164.640
165.550
166.450
167.350
168.250
169.090
169.960
170.840
171.770
172.740
173.720
174.670
