0.160
0.870
1.590
2.340
3.080
3.780
4.510
5.230
5.960
6.660
7.350
8.080
8.820
9.540
10.270
11.000
11.710
12.380
13.070
13.800
14.500
15.200
15.910
16.640
17.360
18.090
18.790
19.520
20.250
20.960
21.680
22.390
23.110
23.800
24.530
25.250
25.970
26.690
27.420
28.120
28.830
29.560
30.270
30.990
31.700
32.410
33.100
33.810
34.530
35.240
35.940
36.650
37.340
38.050
38.740
39.470
40.180
40.870
41.580
42.300
43.020
43.750
44.460
45.210
45.930
46.660
47.360
48.110
48.830
49.530
50.250
50.980
51.700
52.390
53.080
53.770
54.470
55.190
55.880
56.600
57.320
58.030
58.730
59.460
60.170
60.870
61.600
62.320
63.030
63.770
64.490
65.200
65.930
66.640
67.350
68.060
68.770
69.470
70.180
70.900
71.610
72.290
72.990
73.700
74.410
75.110
75.810
76.530
77.220
77.900
78.600
79.310
80.020
80.710
81.410
82.130
82.840
83.530
84.230
84.930
85.650
86.360
87.060
87.790
88.490
89.210
89.920
90.640
91.320
91.990
92.680
93.380
94.100
94.790
95.490
96.200
96.880
