0.440
1.090
1.720
2.360
3.000
3.630
4.240
4.870
5.500
6.130
6.760
7.390
8.010
8.630
9.260
9.880
10.510
11.160
11.780
12.390
13.030
13.650
14.270
14.870
15.500
16.110
16.730
17.350
17.970
18.600
19.220
19.840
20.460
21.090
21.710
22.330
22.930
23.550
24.170
24.810
25.410
26.050
26.660
27.290
27.900
28.520
29.130
29.760
30.370
31.000
31.610
32.260
32.880
33.510
34.130
34.760
35.390
36.010
36.640
37.270
37.900
38.530
39.150
39.770
40.390
41.020
41.650
42.270
42.900
43.520
44.150
44.780
45.390
46.020
46.630
47.260
47.880
48.510
49.140
49.760
50.390
51.020
51.650
52.280
52.890
53.520
54.140
54.790
55.390
56.020
56.640
57.280
57.880
58.520
59.130
59.770
60.360
60.990
61.610
62.240
62.850
63.480
64.100
64.720
65.340
65.970
66.590
67.200
67.810
68.440
69.060
69.680
70.310
70.920
71.550
72.170
72.780
73.400
74.000
74.610
75.220
75.830
76.430
77.040
77.650
78.260
78.870
79.470
80.080
80.690
81.310
81.920
82.520
83.140
83.760
84.390
85.010
85.620
86.240
86.870
87.470
88.090
88.710
89.340
89.950
90.580
91.190
91.830
92.460
93.080
93.700
94.310
94.940
95.550
96.200
96.810
97.440
98.040
98.670
99.280
99.910
100.540
101.170
101.770
102.410
103.010
103.640
104.270
104.890
105.510
106.130
106.750
107.380
107.990
108.640
109.250
109.890
110.530
111.150
111.760
112.360
113.000
113.610
114.240
114.850
115.470
116.090
116.710
117.310
117.930
118.550
119.170
119.770
120.390
121.020
121.630
122.260
122.860
123.490
124.110
124.740
125.360
126.000
126.610
127.240
127.870
128.530
129.150
129.790
130.420
131.040
131.640
132.270
132.890
133.520
134.130
134.740
135.380
136.000
136.630
137.250
137.860
138.480
139.120
139.760
140.370
141.030
141.640
142.270
142.890
143.500
144.110
144.720
145.320
145.930
146.550
147.180
147.800
148.420
