0.120
0.600
1.090
1.570
2.050
2.530
3.010
3.520
4.020
4.530
5.030
5.530
6.010
6.510
7.010
7.510
8.010
8.520
9.020
9.520
10.030
10.530
11.040
11.540
12.040
12.530
13.040
13.540
14.040
14.540
15.040
15.540
16.040
16.540
17.040
17.540
18.040
18.540
19.050
19.550
20.060
20.550
21.070
21.580
22.100
22.610
23.130
23.630
24.140
24.650
25.160
25.660
26.160
26.670
27.170
27.660
28.170
28.650
29.170
29.680
30.190
30.690
31.220
31.710
32.220
32.730
33.240
33.750
34.270
34.770
35.270
35.760
36.240
36.740
37.260
37.770
38.290
38.790
39.290
39.790
40.310
40.810
41.320
41.830
42.340
42.850
43.360
43.860
44.360
44.850
45.360
45.870
46.390
46.890
47.410
47.910
48.420
48.930
49.440
49.950
50.470
50.980
51.490
51.990
52.480
53.000
53.510
54.020
54.540
55.040
55.560
56.070
56.580
57.090
57.590
58.100
58.620
59.130
59.630
60.130
60.620
61.120
61.630
62.140
62.650
63.150
63.670
64.180
64.680
65.190
65.700
66.210
66.720
67.220
67.730
68.270
68.780
69.280
69.780
70.280
70.780
71.270
71.800
72.270
72.790
73.300
73.770
74.270
74.780
75.280
75.780
76.280
76.790
77.280
77.780
78.300
78.800
