0.650
1.040
1.420
1.820
2.210
2.600
3.000
3.390
3.780
4.170
4.570
4.970
5.370
5.770
6.180
6.580
6.980
7.390
7.820
8.230
8.670
9.080
9.500
9.920
10.330
10.730
11.160
11.560
12.000
12.410
12.800
13.180
13.570
13.970
14.380
14.790
15.200
15.600
16.010
16.420
16.830
17.240
17.650
18.060
18.470
18.890
19.290
19.700
20.110
20.520
20.940
21.350
21.760
22.180
22.600
23.010
23.430
23.850
24.270
24.680
25.100
25.510
25.920
26.330
26.730
27.140
27.570
27.990
28.400
28.810
29.250
29.670
30.080
30.490
30.910
31.340
31.760
32.180
32.580
32.960
33.360
33.770
34.180
34.590
35.010
35.410
35.830
36.230
36.640
37.060
37.470
37.890
38.300
38.710
39.110
39.520
39.940
40.350
40.770
41.190
41.600
42.010
42.430
42.840
43.260
43.680
44.090
44.500
44.910
45.330
45.740
46.160
46.580
47.000
47.420
47.840
48.260
48.680
49.100
49.520
49.950
50.370
50.800
51.220
51.640
52.050
52.460
52.880
53.300
53.720
54.150
54.570
55.000
55.410
55.830
56.250
56.670
57.100
57.520
57.940
58.360
58.770
59.190
59.610
60.030
60.440
60.870
61.290
61.710
62.120
62.540
62.970
63.400
63.820
64.240
64.660
65.080
65.500
65.910
66.320
66.710
67.120
67.530
67.940
68.350
68.770
69.190
69.610
70.020
70.450
70.850
71.270
71.670
72.080
72.490
72.910
73.300
73.710
74.090
74.500
74.930
75.350
75.770
76.190
76.610
77.020
77.440
77.860
78.300
78.720
79.140
79.560
79.980
80.400
80.820
81.240
81.650
82.070
82.490
82.920
83.330
83.750
84.180
84.610
85.030
85.470
85.880
86.330
86.750
87.170
87.600
88.040
88.480
88.900
89.340
89.780
90.230
90.670
91.110
91.540
91.970
92.390
92.800
93.220
93.630
94.050
94.480
94.900
95.320
95.740
96.160
96.570
97.010
97.410
97.840
98.270
98.690
99.110
99.540
99.970
100.400
100.830
101.260
101.690
102.110
102.540
102.970
103.390
103.830
104.260
104.660
105.090
105.510
105.950
106.380
106.810
107.220
107.670
108.080
108.520
108.960
109.390
109.820
110.250
110.670
111.100
111.530
111.960
112.380
112.800
113.230
113.650
114.080
114.500
114.920
115.330
115.750
116.170
116.600
117.040
117.460
117.880
118.310
118.760
119.180
119.610
120.030
120.460
120.890
121.340
121.760
122.190
122.610
123.040
123.470
123.900
124.340
124.770
125.190
125.620
126.020
126.440
126.870
127.290
127.710
128.140
128.580
129.010
129.430
129.860
130.290
130.720
131.150
131.580
132.010
132.440
132.870
133.310
133.750
134.170
134.600
135.030
135.460
135.890
136.320
136.740
137.160
137.590
138.010
138.440
138.860
139.280
139.680
140.120
140.530
140.960
141.390
141.820
142.260
142.680
143.120
143.540
