0.600
1.500
2.430
3.330
4.220
5.140
6.030
6.940
7.830
8.740
9.630
10.520
11.410
12.290
13.180
14.070
14.950
15.840
16.710
17.590
18.450
19.330
20.220
21.080
21.960
22.830
23.690
24.550
25.450
26.340
27.200
28.090
29.000
29.880
30.760
31.650
32.570
33.450
34.320
35.200
36.070
36.930
37.790
38.670
39.540
40.390
41.230
42.050
42.890
43.720
44.550
45.380
46.230
47.090
47.930
48.770
49.580
50.420
51.250
52.110
52.930
53.760
54.580
55.410
56.220
57.030
57.860
58.680
59.490
60.300
61.120
61.930
62.730
63.540
64.460
65.330
66.250
67.120
67.990
68.860
69.710
70.590
71.450
72.300
73.140
74.000
74.850
75.700
76.580
77.390
78.240
79.120
80.000
80.850
81.700
82.540
83.390
84.220
85.070
85.910
86.730
87.530
88.380
89.210
90.040
90.870
91.690
92.500
93.320
94.130
94.970
95.760
96.580
97.410
98.190
99.000
99.840
100.640
101.440
102.250
103.030
103.860
104.670
105.460
106.250
107.040
107.840
108.660
109.460
110.270
111.060
111.850
112.660
113.440
114.230
115.010
115.830
116.610
117.380
118.170
118.970
119.740
120.550
