0.580
1.320
2.050
2.790
3.540
4.260
4.990
5.740
6.510
7.250
7.990
8.730
9.460
10.180
10.890
11.600
12.300
13.020
13.730
14.460
15.170
15.900
16.600
17.320
18.040
18.760
19.450
20.170
20.860
21.600
22.300
23.030
23.730
24.460
25.200
25.900
26.590
27.310
28.020
28.760
29.470
30.190
30.900
31.630
32.360
33.100
33.810
34.540
35.250
36.000
36.670
37.340
38.060
38.800
39.500
40.220
40.930
41.650
42.380
43.100
43.810
44.520
45.230
45.950
46.650
47.390
48.090
48.810
49.520
50.220
50.950
51.650
52.350
53.080
53.790
54.510
55.220
55.950
56.640
57.320
58.020
58.740
59.460
60.180
60.890
61.640
62.360
63.060
63.760
64.480
65.180
65.910
66.640
67.370
68.100
68.830
69.540
70.280
70.980
71.710
72.420
73.120
73.840
74.540
75.240
75.960
76.670
77.400
78.110
78.820
79.530
80.250
80.970
81.700
82.410
83.130
83.860
84.600
85.300
86.010
86.720
87.400
88.120
88.820
89.530
90.230
90.930
91.620
92.320
93.040
93.760
94.490
95.190
95.900
96.610
97.310
98.020
98.740
99.460
100.180
100.900
101.640
102.340
103.100
103.840
104.570
105.300
106.020
106.720
107.450
108.170
108.900
109.620
110.350
111.070
111.790
112.510
113.210
113.930
114.620
115.320
116.060
116.770
117.500
118.210
118.930
119.660
120.400
121.120
121.860
122.580
123.300
124.020
124.730
125.470
126.190
126.890
127.620
128.340
129.050
129.780
130.530
131.250
132.000
132.720
133.470
134.180
134.900
135.600
136.300
137.010
137.710
138.430
139.170
139.900
140.620
141.340
142.070
142.780
143.500
144.210
144.940
145.650
146.380
147.100
147.830
148.540
149.260
149.980
150.670
151.390
152.070
152.770
153.470
154.170
154.850
155.580
156.330
157.050
157.770
158.520
159.250
159.960
160.680
161.410
162.130
162.850
163.560
164.260
164.980
165.670
166.390
167.110
167.820
168.520
169.210
169.930
170.650
171.360
172.090
172.810
173.540
174.250
174.950
175.690
176.400
177.140
177.860
178.620
179.300
180.060
180.770
181.500
182.180
182.900
183.660
184.440
185.180
185.900
186.670
187.380
188.110
188.890
189.630
190.310
191.010
191.720
192.450
193.150
193.880
194.600
195.310
196.020
196.750
197.470
198.190
198.890
199.620
200.320
201.020
201.730
202.430
203.140
203.870
204.590
205.310
206.010
206.730
207.440
208.130
208.810
209.540
210.250
210.950
211.630
212.320
213.010
213.740
214.450
215.180
215.910
216.660
217.370
218.090
218.790
219.480
220.190
220.930
221.630
222.340
223.070
223.790
224.500
225.210
225.920
226.650
227.380
228.110
228.840
229.570
230.300
231.030
231.750
232.500
233.230
233.970
234.680
235.400
236.140
236.840
237.530
238.280
238.960
239.660
240.380
241.120
241.840
242.590
243.300
244.060
244.780
245.500
246.230
246.940
247.640
248.360
249.060
249.770
250.470
251.190
251.880
252.580
253.320
254.010
254.720
255.450
256.200
256.920
257.640
258.430
259.230
259.990
260.750
261.570
262.340
263.140
263.950
264.750
265.580
266.350
