0.500
0.910
1.320
1.740
2.170
2.610
3.040
3.500
3.930
4.370
4.820
5.250
5.700
6.140
6.580
7.020
7.450
7.880
8.320
8.750
9.210
9.650
10.070
10.530
10.980
11.410
11.870
12.310
12.740
13.170
13.620
14.050
14.490
14.920
15.360
15.790
16.250
16.680
17.120
17.560
18.000
18.440
18.870
19.310
19.760
20.200
20.630
21.080
21.520
21.960
22.400
22.850
23.290
23.720
24.180
24.620
25.070
25.540
26.000
26.460
26.910
27.370
27.830
28.250
28.710
29.130
29.580
30.010
30.470
30.890
31.340
31.770
32.220
32.680
33.110
33.580
34.030
34.480
34.930
35.360
35.800
36.240
36.700
37.120
37.580
38.000
38.440
38.890
39.340
39.770
40.220
40.660
41.110
41.550
42.000
42.440
42.890
43.330
43.770
44.210
44.660
45.100
45.550
45.990
46.440
46.890
47.330
47.780
48.230
48.680
49.150
49.590
50.040
50.480
50.920
51.360
51.800
52.250
52.700
53.150
53.600
54.040
54.490
54.930
55.380
55.830
56.270
56.720
57.160
57.600
58.040
58.480
58.920
59.360
59.810
60.250
60.680
61.130
61.570
62.010
62.450
62.870
63.330
63.750
64.190
64.630
65.070
65.510
65.950
66.390
66.830
67.270
67.720
68.170
68.620
69.070
69.520
69.970
70.430
70.880
71.320
71.770
72.220
72.670
73.110
73.580
74.030
74.500
74.950
75.430
75.860
76.330
76.770
77.220
77.670
78.110
78.570
79.020
79.470
79.930
80.360
80.820
81.280
81.750
82.210
82.660
83.110
83.560
84.010
84.460
84.910
85.360
85.800
86.240
86.680
87.120
87.570
88.010
88.460
88.900
89.340
89.790
90.230
90.690
91.140
91.580
92.030
92.480
92.930
93.380
93.830
94.280
94.730
95.180
95.630
96.080
96.540
97.010
97.470
97.930
98.400
98.860
99.310
99.760
100.210
100.650
101.100
101.540
101.990
102.450
102.900
103.340
103.790
104.230
104.680
105.130
105.570
106.030
106.460
106.920
107.360
107.810
108.260
108.730
109.160
109.620
110.060
110.500
110.940
111.390
111.830
112.270
112.720
113.170
113.620
114.060
114.500
114.950
115.400
115.850
116.290
116.740
117.170
117.620
118.060
118.500
118.940
119.380
119.820
120.250
120.690
121.120
121.540
121.980
122.420
122.850
123.280
123.720
124.150
124.590
125.030
125.480
125.910
126.360
126.800
127.260
127.700
128.150
128.590
129.060
129.490
129.960
130.410
130.860
131.290
131.760
132.200
132.660
133.110
133.560
134.000
134.450
134.890
135.340
135.790
136.240
136.690
137.140
137.580
138.000
138.450
138.890
