0.420
1.190
1.920
2.630
3.350
4.110
4.850
5.550
6.290
7.060
7.820
8.540
9.280
10.020
10.750
11.460
12.180
12.900
13.630
14.340
15.100
15.810
16.540
17.260
17.990
18.740
19.460
20.200
20.930
21.660
22.410
23.160
23.870
24.640
25.370
26.120
26.850
27.570
28.290
29.010
29.700
30.440
31.170
31.900
32.650
33.400
34.140
34.860
35.570
36.320
37.040
37.760
38.500
39.220
39.930
40.650
41.360
42.120
42.850
43.570
44.310
45.060
45.790
46.510
47.240
47.980
48.690
49.400
50.130
50.850
51.560
52.270
52.990
53.730
54.450
55.160
55.890
56.620
57.330
58.050
58.760
59.490
60.200
60.900
61.610
62.330
63.030
63.710
64.430
65.150
65.860
66.590
67.330
68.060
68.780
69.520
70.240
70.980
71.700
72.410
73.130
73.860
74.560
75.270
75.960
76.680
77.400
78.140
78.870
79.590
80.310
81.030
81.760
82.480
83.210
83.950
84.700
85.460
86.210
86.940
87.670
88.390
89.100
89.820
90.550
91.300
92.040
92.750
93.470
94.210
94.940
95.650
96.380
97.120
97.820
98.540
99.270
99.980
100.690
101.400
102.110
102.830
103.570
104.290
105.030
105.760
106.480
107.200
107.920
108.650
109.380
110.080
110.800
111.540
112.240
112.930
113.630
114.350
115.080
115.820
116.570
117.310
118.030
118.760
119.480
120.220
120.930
121.630
122.350
123.080
123.800
124.500
125.220
125.940
126.670
127.390
128.120
128.840
129.560
130.290
131.010
131.740
132.460
133.170
133.890
134.620
135.330
136.040
136.750
137.480
138.200
138.900
139.610
140.320
141.050
141.740
142.450
143.190
143.920
144.640
145.350
146.090
146.810
147.530
148.250
148.980
149.700
150.440
151.170
151.880
152.620
153.340
154.070
154.780
155.490
156.210
156.920
157.640
158.350
159.060
159.770
160.500
161.220
161.930
162.640
163.360
164.080
164.790
165.520
166.260
166.990
167.730
168.460
169.200
169.930
170.650
171.370
172.110
172.830
173.540
174.270
174.990
175.710
176.430
177.150
177.890
178.590
179.320
180.010
180.730
181.490
182.210
182.930
183.640
184.350
185.060
185.780
186.510
187.250
187.960
188.670
189.400
190.130
190.840
191.550
192.260
192.980
193.690
194.400
195.110
195.810
196.520
197.220
197.910
198.600
199.310
200.000
200.710
201.420
202.120
202.830
203.530
204.240
204.970
205.670
206.400
207.050
207.740
208.440
209.150
209.840
210.540
211.190
211.920
212.580
