0.470
1.200
1.920
2.630
3.360
4.070
4.770
5.490
6.200
6.920
7.630
8.340
9.050
9.750
10.460
11.160
11.880
12.610
13.330
14.020
14.690
15.370
16.070
16.800
17.510
18.240
18.960
19.690
20.400
21.120
21.830
22.570
23.290
24.000
24.730
25.450
26.180
26.900
27.600
28.320
29.030
29.750
30.490
31.220
31.920
32.650
33.360
34.080
34.790
35.510
36.200
36.940
37.670
38.370
39.070
39.790
40.510
41.210
41.920
42.650
43.330
44.040
44.740
45.460
46.150
46.850
47.550
48.270
48.970
49.680
50.390
51.080
51.770
52.480
53.170
53.870
54.560
55.250
55.950
56.680
57.390
58.100
58.800
59.530
60.220
60.930
61.620
62.340
63.030
63.730
64.440
65.140
65.860
66.580
67.300
68.010
68.720
69.420
70.140
70.870
71.580
72.290
73.010
73.710
74.420
75.110
75.830
76.550
77.270
77.970
78.680
79.410
80.120
80.810
81.500
82.240
82.950
83.650
84.370
85.060
85.760
86.450
87.140
87.860
88.560
89.260
89.950
90.670
91.380
92.090
92.780
93.490
94.200
94.900
95.610
96.350
97.060
97.780
98.480
99.180
99.860
100.550
101.250
101.970
102.650
103.330
104.020
104.720
105.420
106.100
106.810
107.500
108.190
108.880
109.570
110.260
110.940
111.630
112.320
113.020
113.720
114.420
115.100
115.810
116.500
117.210
117.900
118.610
119.310
120.000
120.680
121.380
122.090
122.820
123.500
124.210
124.890
125.580
126.280
126.980
127.690
128.400
129.110
129.800
130.480
131.190
131.860
132.570
133.280
133.990
134.680
135.390
136.070
136.780
137.470
138.170
138.850
139.570
140.260
140.960
141.650
142.320
142.990
143.650
144.330
145.020
145.710
146.390
147.090
147.780
148.470
149.150
149.840
150.500
151.170
151.850
152.510
153.180
153.850
154.530
155.210
155.910
156.590
157.290
158.000
158.700
159.410
160.100
160.810
161.510
162.210
162.900
163.590
164.290
165.000
165.690
166.380
167.090
167.770
168.460
169.150
169.850
170.560
171.250
171.950
172.640
173.320
174.020
174.710
175.390
176.070
176.750
177.420
178.100
178.780
179.480
180.160
180.840
181.530
182.200
182.890
183.570
184.250
184.930
185.610
186.280
186.960
187.640
188.300
188.970
189.650
190.330
191.010
191.700
192.380
193.070
193.760
194.430
195.110
195.790
196.450
197.110
197.760
198.440
199.110
199.790
200.470
201.140
201.820
202.480
203.160
203.830
204.500
205.140
205.810
206.500
207.150
207.790
208.460
209.140
209.810
210.480
211.160
211.850
212.500
213.170
213.840
214.520
215.190
215.840
216.510
217.170
217.820
218.480
219.150
219.840
220.520
221.190
221.870
222.550
223.230
223.900
224.580
225.260
225.940
226.610
227.280
227.960
228.630
229.320
230.010
230.690
231.360
232.040
232.740
233.400
234.070
234.750
235.420
236.090
236.750
237.400
238.080
238.750
239.400
240.060
240.720
241.380
242.050
242.710
243.380
244.030
244.690
245.350
246.010
246.670
247.320
247.960
248.610
249.260
249.910
250.570
251.220
251.890
252.550
253.210
253.870
254.530
255.200
255.890
256.570
257.260
257.950
258.640
259.310
260.000
260.680
261.350
262.020
262.690
263.380
264.050
264.730
265.420
266.120
266.790
267.490
268.190
268.880
269.560
270.240
