0.720
1.300
1.920
2.530
3.120
3.740
4.340
4.930
5.530
6.150
6.760
7.360
7.960
8.560
9.160
9.760
10.360
10.960
11.560
12.170
12.780
13.380
13.990
14.600
15.200
15.800
16.410
17.020
17.630
18.230
18.850
19.460
20.060
20.660
21.270
21.880
22.500
23.110
23.720
24.330
24.930
25.530
26.130
26.740
27.350
27.960
28.560
29.160
29.780
30.380
30.990
31.590
32.210
32.820
33.440
34.050
34.660
35.270
35.890
36.490
37.090
37.720
38.330
38.930
39.540
40.160
40.770
41.370
41.980
42.600
43.220
43.830
44.450
45.060
45.670
46.270
46.880
47.490
48.100
48.710
49.310
49.930
50.530
51.140
51.720
52.330
52.960
53.560
54.170
54.790
55.390
56.000
56.610
57.220
57.830
58.440
59.050
59.650
60.250
60.850
61.450
62.040
62.650
63.250
63.840
64.440
65.030
65.620
66.220
66.810
67.410
68.010
68.600
69.200
69.780
70.370
70.980
71.550
72.150
72.750
73.350
73.940
74.510
75.110
75.710
76.280
76.870
77.460
78.060
78.670
79.270
79.880
80.470
81.090
81.700
82.300
82.910
83.510
84.120
84.730
85.300
85.910
86.510
87.120
87.730
88.330
88.910
89.520
90.120
90.710
91.330
91.940
92.550
93.160
93.750
94.380
94.980
95.580
96.180
96.790
97.400
98.010
98.610
99.210
99.820
100.420
101.020
101.630
102.240
102.840
103.440
104.060
104.670
105.280
105.890
106.500
107.120
107.740
108.350
108.950
109.560
110.160
110.760
111.360
111.930
112.540
113.140
113.740
114.340
114.960
