0.000
0.430
0.880
1.310
1.730
2.160
2.590
3.010
3.430
3.870
4.300
4.720
5.160
5.590
6.010
6.450
6.890
7.330
7.770
8.210
8.650
9.080
9.510
9.950
10.380
10.830
11.260
11.690
12.130
12.570
13.000
13.430
13.860
14.300
14.730
15.170
15.610
16.050
16.470
16.910
17.340
17.790
18.230
18.680
19.120
19.550
19.990
20.430
20.870
21.310
21.750
22.190
22.620
23.060
23.490
23.930
24.370
24.810
25.250
25.690
26.130
26.570
27.010
27.450
27.880
28.320
28.760
29.200
29.640
30.080
30.510
30.950
31.390
31.840
32.270
32.720
33.160
33.600
34.040
34.490
34.920
35.370
35.810
36.250
36.690
37.130
37.570
38.010
38.450
38.890
39.320
39.770
40.200
40.640
41.080
41.520
41.960
42.410
42.840
43.290
43.720
44.160
44.590
45.030
45.470
45.910
46.350
46.800
47.240
47.680
48.120
48.560
49.000
49.440
49.880
50.320
50.760
51.200
51.640
52.090
52.530
52.980
53.430
53.870
54.300
54.750
55.180
55.630
56.070
56.520
56.960
57.400
57.850
58.300
58.740
59.180
59.620
60.060
60.500
60.940
61.390
61.830
62.270
62.710
63.150
63.590
64.040
64.480
64.920
65.340
65.800
66.230
66.680
67.110
67.550
67.980
68.420
68.860
69.290
69.720
70.160
70.590
71.030
71.460
71.870
72.310
72.750
73.200
73.630
74.080
74.520
74.960
75.400
75.840
76.280
76.730
77.170
77.610
78.050
78.500
78.950
79.390
79.830
80.290
80.730
81.170
81.610
82.060
82.490
82.940
83.380
83.830
84.270
84.710
85.150
85.590
86.030
86.480
86.930
87.380
87.830
88.260
88.710
89.150
89.600
90.040
90.480
90.920
91.370
91.810
92.250
92.690
93.130
93.570
94.020
94.470
94.920
95.370
95.810
96.270
96.700
97.160
97.610
98.060
98.500
98.950
99.400
99.840
100.280
100.720
101.160
101.600
102.050
102.480
102.930
103.380
103.820
104.260
104.700
105.140
105.580
106.020
106.460
106.900
107.340
107.760
108.220
108.660
109.100
109.530
109.970
110.410
110.860
111.290
111.720
112.160
112.590
113.000
113.440
113.880
114.320
114.770
115.200
115.650
116.100
116.540
116.980
117.430
117.860
118.320
118.760
119.210
119.650
120.100
120.530
120.980
121.410
121.870
122.300
122.750
123.180
123.630
124.080
124.530
124.970
125.420
125.860
126.310
126.760
127.200
127.640
128.090
128.530
128.980
129.420
129.860
130.300
130.740
131.180
131.620
132.070
132.510
132.960
133.410
133.850
134.300
134.750
135.200
135.650
136.110
136.560
137.000
137.470
137.920
138.370
138.820
139.280
139.740
140.180
140.640
141.110
141.560
142.010
142.470
142.920
143.380
143.830
144.280
144.710
145.160
145.610
146.080
146.530
