2.350	4
3.290	1
4.270	2
5.230	3
6.140	4
7.070	1
8.040	2
9.070	3
10.160	4
11.170	1
12.250	2
13.260	3
14.270	4
15.300	1
16.250	2
17.190	3
18.080	4
18.980	1
19.830	2
20.740	3
21.480	4
22.210	1
22.940	2
23.680	3
24.290	4
24.830	1
25.330	2
25.850	3
26.380	4
26.900	1
27.410	2
27.940	3
28.450	4
28.980	1
29.470	2
29.990	3
30.490	4
30.980	1
31.470	2
31.990	3
32.510	4
33.020	1
33.520	2
34.030	3
34.540	4
35.040	1
35.530	2
36.040	3
36.540	4
37.050	1
37.540	2
38.050	3
38.540	4
39.040	1
39.540	2
40.040	3
40.550	4
41.060	1
41.560	2
42.060	3
42.560	4
43.070	1
43.570	2
44.070	3
44.580	4
45.080	1
45.570	2
46.070	3
46.570	4
47.060	1
47.570	2
48.070	3
48.580	4
49.080	1
49.570	2
50.060	3
50.570	4
51.060	1
51.560	2
52.050	3
52.560	4
53.050	1
53.550	2
54.030	3
54.520	4
55.010	1
55.500	2
55.980	3
56.470	4
56.970	1
57.460	2
57.950	3
58.440	4
58.930	1
59.410	2
59.890	3
60.380	4
60.860	1
61.350	2
61.820	3
62.300	4
62.770	1
63.250	2
63.740	3
64.220	4
64.720	1
65.210	2
65.680	3
66.160	4
66.650	1
67.120	2
67.600	3
68.080	4
68.560	1
69.040	2
69.530	3
70.020	4
70.500	1
70.970	2
71.440	3
71.930	4
72.400	1
72.890	2
73.370	3
73.860	4
74.340	1
74.810	2
75.280	3
75.770	4
76.240	1
76.720	2
77.200	3
77.680	4
78.160	1
78.640	2
79.100	3
79.580	4
80.060	1
80.550	2
81.030	3
81.490	4
81.980	1
82.460	2
82.930	3
83.420	4
83.900	1
84.390	2
84.870	3
85.330	4
85.820	1
86.310	2
86.770	3
87.260	4
87.750	1
88.230	2
88.710	3
89.190	4
89.670	1
90.150	2
90.620	3
91.100	4
91.580	1
92.070	2
92.550	3
93.030	4
93.510	1
93.990	2
94.460	3
94.940	4
95.430	1
95.910	2
96.390	3
96.860	4
97.350	1
97.820	2
98.290	3
98.770	4
99.240	1
99.710	2
100.180	3
100.660	4
101.140	1
101.600	2
102.060	3
102.550	4
103.010	1
103.490	2
103.960	3
104.420	4
104.900	1
105.360	2
105.820	3
106.270	4
106.740	1
107.200	2
107.680	3
108.140	4
108.620	1
109.080	2
109.550	3
110.010	4
110.480	1
110.970	2
111.430	3
111.910	4
112.380	1
112.830	2
113.300	3
113.790	4
114.260	1
114.710	2
115.200	3
115.670	4
116.120	1
116.610	2
117.080	3
117.530	4
118.010	1
118.490	2
118.950	3
119.440	4
119.920	1
120.400	2
120.880	3
121.360	4
121.840	1
122.310	2
122.780	3
123.260	4
123.750	1
124.220	2
124.710	3
125.180	4
125.660	1
126.140	2
126.610	3
127.080	4
127.560	1
128.040	2
128.510	3
128.980	4
129.450	1
129.920	2
130.390	3
130.850	4
131.350	1
131.820	2
132.290	3
132.780	4
133.250	1
133.720	2
134.200	3
134.670	4
135.140	1
135.610	2
136.070	3
136.560	4
137.020	1
137.480	2
137.950	3
138.410	4
138.870	1
139.340	2
139.780	3
140.260	4
140.720	1
141.150	2
141.600	3
142.030	4
142.470	1
142.930	2
143.370	3
143.800	4
144.290	1
144.760	2
145.250	3
145.720	4
146.200	1
146.680	2
147.150	3
147.630	4
148.110	1
148.590	2
149.070	3
149.550	4
150.050	1
150.520	2
151.010	3
151.490	4
151.950	1
152.420	2
152.910	3
153.390	4
153.870	1
154.350	2
154.830	3
155.290	4
155.790	1
156.270	2
156.750	3
157.210	4
157.690	1
158.150	2
158.610	3
159.110	4
159.570	1
160.050	2
160.550	3
161.030	4
161.500	1
161.970	2
162.450	3
162.930	4
163.380	1
163.860	2
164.340	3
164.790	4
165.260	1
165.740	2
166.220	3
166.690	4
167.140	1
167.620	2
168.100	3
168.570	4
169.020	1
169.490	2
169.980	3
170.450	4
170.910	1
171.390	2
171.860	3
172.320	4
172.790	1
173.270	2
173.740	3
174.210	4
174.680	1
175.140	2
175.610	3
176.070	4
176.540	1
177.010	2
177.500	3
177.950	4
178.420	1
178.890	2
179.360	3
179.830	4
180.310	1
180.790	2
181.240	3
181.710	4
182.190	1
182.660	2
183.120	3
183.600	4
184.070	1
184.540	2
185.000	3
185.480	4
185.960	1
186.430	2
186.880	3
187.370	4
187.840	1
188.280	2
188.710	3
189.140	4
189.550	1
189.980	2
190.430	3
190.890	4
191.370	1
191.820	2
192.290	3
192.770	4
193.230	1
193.710	2
194.180	3
194.640	4
195.110	1
195.570	2
196.040	3
196.510	4
196.980	1
197.450	2
197.920	3
198.390	4
198.850	1
199.290	2
199.770	3
200.210	4
200.680	1
201.140	2
201.600	3
202.050	4
202.520	1
202.970	2
203.450	3
203.890	4
204.360	1
204.840	2
205.310	3
205.780	4
206.240	1
206.710	2
207.170	3
207.640	4
208.120	1
208.590	2
209.050	3
209.520	4
210.010	1
210.460	2
210.940	3
211.440	4
211.920	1
212.380	2
212.860	3
213.350	4
213.810	1
214.270	2
214.740	3
215.220	4
215.690	1
216.170	2
216.620	3
217.110	4
217.560	1
218.050	2
218.500	3
218.980	4
219.460	1
219.920	2
220.410	3
220.880	4
221.350	1
221.830	2
222.310	3
222.800	4
223.270	1
223.750	2
224.240	3
224.720	4
225.210	1
225.690	2
226.170	3
226.650	4
227.120	1
227.610	2
228.060	3
228.550	4
229.010	1
229.470	2
229.930	3
230.390	4
230.850	1
231.320	2
231.780	3
232.240	4
232.700	1
233.150	2
233.610	3
234.070	4
234.530	1
235.000	2
235.460	3
235.930	4
236.390	1
236.860	2
237.320	3
237.780	4
238.230	1
238.690	2
239.150	3
239.620	4
240.080	1
240.540	2
241.000	3
241.460	4
241.930	1
242.380	2
242.840	3
243.310	4
243.770	1
244.220	2
244.690	3
245.150	4
245.590	1
246.070	2
246.540	3
247.010	4
247.480	1
247.930	2
248.390	3
248.850	4
249.310	1
249.780	2
250.220	3
250.690	4
251.150	1
251.610	2
252.060	3
252.540	4
252.990	1
253.450	2
253.900	3
254.360	4
254.840	1
255.300	2
255.750	3
256.220	4
256.680	1
257.140	2
257.600	3
258.050	4
258.510	1
258.970	2
259.420	3
259.880	4
260.330	1
260.770	2
261.230	3
261.690	4
262.150	1
262.610	2
263.060	3
263.540	4
264.000	1
264.450	2
264.910	3
265.360	4
265.830	1
266.290	2
266.760	3
267.210	4
267.650	1
268.100	2
268.550	3
269.020	4
269.470	1
269.910	2
270.360	3
270.810	4
271.270	1
271.710	2
272.170	3
272.610	4
273.070	1
273.500	2
273.960	3
274.430	4
274.890	1
275.340	2
275.810	3
276.270	4
276.730	1
277.180	2
277.650	3
278.110	4
278.570	1
279.030	2
279.470	3
279.940	4
280.400	1
280.850	2
281.310	3
281.790	4
282.240	1
282.690	2
283.160	3
283.620	4
284.070	1
284.530	2
284.990	3
285.460	4
285.920	1
286.380	2
286.830	3
287.290	4
287.740	1
288.190	2
288.650	3
289.100	4
289.550	1
290.000	2
290.450	3
290.910	4
291.360	1
291.810	2
292.260	3
292.710	4
293.160	1
293.590	2
294.050	3
294.520	4
294.990	1
295.430	2
295.910	3
296.380	4
296.860	1
297.310	2
297.780	3
298.260	4
298.720	1
299.190	2
299.670	3
300.130	4
300.610	1
301.090	2
