0.450
0.930
1.380
1.850
2.320
2.790
3.240
3.690
4.160
4.620
5.080
5.540
6.010
6.470
6.930
7.380
7.840
8.300
8.760
9.220
9.680
10.140
10.600
11.060
11.520
11.980
12.430
12.890
13.340
13.800
14.250
14.720
15.190
15.640
16.090
16.550
17.000
17.460
17.920
18.370
18.830
19.290
19.750
20.210
20.680
21.140
21.590
22.050
22.520
22.980
23.430
23.880
24.350
24.810
25.270
25.720
26.190
26.650
27.100
27.550
28.020
28.470
28.920
29.380
29.850
30.310
30.780
31.240
31.690
32.140
32.590
33.020
33.480
33.950
34.410
34.850
35.310
35.770
36.200
36.650
37.100
37.560
38.020
38.480
38.930
39.390
39.860
40.310
40.760
41.220
41.670
42.130
42.580
43.020
43.480
43.930
44.380
44.840
45.300
45.750
46.210
46.660
47.110
47.570
48.020
48.470
48.920
49.380
49.830
50.280
50.740
51.210
51.680
52.150
52.620
53.090
53.570
54.050
54.520
54.980
55.450
55.920
56.390
56.840
57.280
57.740
58.170
58.620
59.070
59.550
60.010
60.460
60.930
61.390
61.830
62.290
62.750
63.220
63.670
64.130
64.590
65.050
65.520
65.970
66.420
66.870
67.320
67.770
68.230
68.680
69.130
69.580
70.040
70.480
70.930
71.390
71.840
72.290
72.750
73.190
73.670
74.120
74.590
75.050
75.500
75.970
76.420
76.870
77.330
77.800
78.260
78.730
79.190
79.650
80.110
80.560
81.020
81.480
81.950
82.410
82.850
83.310
83.790
84.250
84.700
85.150
85.630
86.080
86.540
86.990
87.450
87.910
88.370
88.830
89.280
89.730
90.200
90.630
91.080
91.530
91.980
92.440
92.900
93.340
93.790
94.250
94.700
95.130
95.590
96.050
96.500
96.950
97.400
97.830
98.290
98.750
99.200
99.630
100.100
100.550
101.000
101.450
101.900
102.350
102.780
103.230
103.690
104.130
104.590
105.030
105.490
105.940
106.400
106.840
107.310
107.780
108.210
108.670
109.120
109.560
110.010
110.470
110.930
111.380
111.820
112.270
112.720
113.160
113.610
114.060
114.520
114.960
115.430
115.870
116.330
116.780
117.230
117.670
118.130
118.580
119.050
119.490
119.970
120.410
120.870
121.340
121.800
122.260
122.710
123.180
123.630
124.090
124.550
125.020
125.490
125.940
126.410
126.860
127.330
127.780
128.250
128.710
129.170
129.630
130.090
130.550
131.010
131.450
131.930
132.390
132.850
133.290
133.770
134.220
134.690
135.150
135.600
136.050
136.520
136.980
137.440
137.890
138.350
138.810
139.260
139.730
140.180
140.610
141.070
141.520
141.980
142.430
142.900
143.350
143.820
144.260
144.740
145.180
145.660
146.100
146.580
147.040
147.500
147.960
148.420
148.860
149.320
149.780
150.250
150.700
151.150
151.610
152.060
152.510
152.970
153.420
153.880
154.340
154.800
155.260
155.730
156.180
156.640
157.090
157.550
158.010
158.480
158.940
159.390
159.840
160.280
160.730
161.190
161.630
162.090
162.550
163.000
163.470
163.920
164.380
164.840
165.300
165.760
166.220
166.670
167.120
167.550
168.000
168.450
168.910
169.350
169.820
170.270
170.710
171.150
171.610
172.060
172.520
172.960
173.410
173.850
174.300
174.730
175.180
175.620
176.060
176.520
176.970
177.430
177.870
178.330
178.770
179.230
179.670
180.120
180.570
181.030
181.470
181.900
182.360
182.790
183.240
183.680
184.110
184.580
185.010
185.480
185.920
186.360
186.820
187.260
187.700
188.150
188.580
189.010
189.450
189.890
190.340
190.780
191.220
191.660
192.100
192.550
193.000
193.440
193.890
194.350
194.790
195.230
195.700
196.150
196.630
197.070
197.530
198.000
198.450
198.920
199.380
199.850
200.310
200.770
201.230
201.680
202.120
202.580
203.010
203.470
203.930
204.370
