0.620
1.100
1.570
2.050
2.510
3.000
3.470
3.940
4.420
4.900
5.380
5.870
6.350
6.820
7.310
7.800
8.260
8.760
9.220
9.700
10.200
10.680
11.160
11.640
12.120
12.640
13.110
13.590
14.080
14.560
15.050
15.520
16.000
16.490
16.960
17.420
17.900
18.380
18.860
19.330
19.810
20.290
20.760
21.220
21.710
22.180
22.660
23.130
23.620
24.090
24.570
25.040
25.510
25.990
26.470
26.930
27.400
27.880
28.350
28.810
29.280
29.760
30.220
30.680
31.150
31.620
32.080
32.540
33.020
33.480
33.940
34.420
34.890
35.350
35.830
36.290
36.750
37.220
37.690
38.170
38.640
39.120
39.590
40.060
40.540
41.020
41.490
41.960
42.440
42.920
43.400
43.870
44.350
44.830
45.290
45.760
46.240
46.710
47.180
47.650
48.120
48.590
49.060
49.520
49.990
50.450
50.930
51.400
51.870
52.330
52.800
53.270
53.720
54.200
54.660
55.110
55.580
56.030
56.500
56.940
57.410
57.870
58.350
58.810
59.290
59.760
60.250
60.730
61.200
61.690
62.150
62.610
63.090
63.570
64.040
64.510
64.980
65.450
65.920
66.400
66.870
67.360
67.820
68.310
68.780
69.270
69.740
70.210
70.670
71.140
71.590
72.040
72.500
72.970
73.430
73.880
74.340
74.810
75.280
75.740
76.210
76.670
77.160
77.610
78.100
78.570
79.040
79.500
79.970
80.450
80.920
81.380
81.860
82.330
82.790
83.260
83.730
84.190
84.650
85.110
85.580
86.040
86.510
86.970
87.430
87.900
88.360
88.840
89.310
89.780
90.250
90.700
91.170
91.650
92.110
92.580
93.060
93.530
94.000
94.470
94.940
95.410
95.880
96.350
96.810
97.300
97.770
98.230
98.710
99.180
99.650
100.120
100.600
101.080
101.560
102.030
102.510
102.980
103.460
103.940
104.400
104.890
105.340
105.830
106.300
106.760
107.210
107.660
108.120
108.590
109.050
109.520
109.980
110.440
110.910
111.380
111.850
112.320
112.790
113.260
113.740
114.210
114.670
115.150
115.610
116.100
116.570
117.040
117.530
118.000
118.470
118.940
119.410
119.890
120.350
120.820
121.290
121.770
122.230
122.710
123.180
123.630
124.120
124.580
125.060
125.550
126.020
126.490
126.970
127.460
127.930
128.410
128.890
129.390
129.850
130.340
130.820
131.300
131.780
132.260
132.730
133.230
133.710
134.170
134.660
135.130
135.620
136.100
136.570
137.050
137.520
137.990
138.480
138.940
139.420
139.880
140.350
140.840
141.320
141.790
142.260
142.740
143.220
143.700
144.180
144.660
145.160
