0.450
0.890
1.350
1.790
2.240
2.680
3.140
3.570
4.000
4.450
4.900
5.320
5.750
6.200
6.630
7.050
7.480
7.910
8.340
8.770
9.210
9.630
10.070
10.500
10.940
11.360
11.810
12.230
12.680
13.100
13.550
13.980
14.430
14.850
15.300
15.720
16.160
16.590
17.020
17.450
17.890
18.320
18.760
19.190
19.630
20.050
20.490
20.920
21.360
21.790
22.230
22.650
23.090
23.520
23.960
24.370
24.810
25.250
25.670
26.090
26.540
26.960
27.390
27.820
28.250
28.660
29.100
29.530
29.960
30.380
30.830
31.240
31.690
32.100
32.540
32.970
33.410
33.830
34.270
34.690
35.130
35.570
36.000
36.430
36.860
37.290
37.720
38.150
38.580
39.000
39.450
39.880
40.320
40.750
41.180
41.610
42.050
42.470
42.910
43.330
43.780
44.200
44.640
45.060
45.500
45.920
46.360
46.770
47.210
47.630
48.060
48.490
48.920
49.350
49.770
50.190
50.630
51.050
51.500
51.920
52.360
52.780
53.210
53.630
54.080
54.490
54.940
55.360
55.790
56.210
56.640
57.070
57.500
57.920
58.350
58.770
59.210
59.630
60.060
60.480
60.920
61.340
61.770
62.200
62.630
63.060
63.500
63.940
64.370
64.810
65.250
65.690
66.130
66.580
67.020
67.460
67.900
68.340
68.780
69.220
69.650
70.080
70.520
70.960
71.400
71.840
72.270
72.700
73.130
73.560
73.990
74.430
74.870
75.300
75.730
76.160
76.570
77.010
77.440
77.870
78.300
78.730
79.160
79.580
80.020
80.450
80.890
81.320
81.750
82.180
82.630
83.050
83.490
83.930
84.360
84.790
85.220
85.650
86.080
86.510
86.950
87.380
87.820
88.240
88.680
89.110
89.540
89.960
90.390
90.830
91.250
91.680
92.120
92.550
92.980
93.410
93.820
94.260
94.700
95.130
95.560
95.990
96.420
96.850
97.270
97.700
98.120
98.550
98.980
99.420
99.850
100.270
100.700
101.130
101.560
102.000
102.430
102.870
103.300
103.730
104.170
104.610
105.050
105.480
105.920
106.360
106.790
107.230
107.670
108.120
108.570
109.010
109.450
109.890
110.330
110.760
111.190
111.630
112.070
112.500
112.930
113.360
113.790
114.230
114.660
115.090
115.530
115.960
116.390
116.820
117.250
117.680
118.100
118.530
118.960
119.390
119.830
120.260
120.690
121.120
121.560
122.000
122.440
122.880
123.320
123.750
124.200
124.630
125.080
125.510
125.950
126.380
126.830
127.260
127.700
128.140
128.580
129.020
129.460
129.890
130.330
130.760
131.190
131.630
132.050
132.490
132.920
133.340
133.780
134.210
134.640
135.060
135.500
135.920
136.360
136.790
137.220
137.650
138.080
138.500
138.940
139.370
139.800
140.230
140.660
141.090
141.510
141.940
142.370
142.800
143.220
143.660
144.080
144.510
144.940
145.370
145.800
146.230
146.660
147.090
147.520
147.950
148.380
148.810
149.240
149.670
150.100
150.540
150.980
151.420
151.860
152.300
152.750
153.180
153.620
154.060
154.520
154.960
155.380
155.840
156.280
156.720
157.160
157.590
158.040
158.470
158.910
