0.450
1.110
1.720
2.410
3.040
3.730
4.380
5.030
5.670
6.320
6.990
7.660
8.290
8.950
9.610
10.280
10.950
11.590
12.250
12.900
13.550
14.220
14.890
15.550
16.220
16.860
17.520
18.170
18.800
19.480
20.130
20.770
21.410
22.070
22.740
23.400
24.030
24.680
25.330
26.000
26.660
27.340
28.010
28.660
29.320
30.000
30.680
31.340
32.010
32.680
33.370
34.020
34.690
35.370
36.000
36.660
37.340
38.000
38.680
39.330
40.010
40.670
41.340
41.990
42.660
43.330
43.960
44.610
45.270
45.940
46.610
47.260
47.930
48.610
49.290
49.960
50.620
51.290
51.960
52.620
53.290
53.980
54.650
55.320
55.980
56.650
57.320
58.000
58.680
59.360
60.040
60.710
61.370
62.060
62.740
63.420
64.120
64.800
65.470
66.140
66.850
67.490
68.180
68.870
69.500
70.190
70.860
71.530
72.200
72.870
73.540
74.210
74.900
75.570
76.250
76.930
77.600
78.300
78.970
79.680
80.350
81.060
81.720
82.410
83.090
83.740
84.440
85.130
85.780
86.470
87.140
87.810
88.500
89.180
89.860
90.530
91.200
91.870
92.540
93.220
93.900
94.590
95.260
95.930
96.640
97.310
97.980
98.650
99.340
100.010
100.690
101.370
102.080
102.730
103.450
104.090
104.800
105.470
106.150
106.840
107.520
108.210
108.900
109.580
110.250
110.950
111.650
112.320
113.000
113.700
114.360
115.050
115.730
116.390
117.080
117.760
118.450
119.150
