0.530
0.910
1.320
1.730
2.140
2.530
2.950
3.350
3.750
4.140
4.550
4.950
5.360
5.760
6.170
6.570
7.000
7.390
7.810
8.200
8.600
9.000
9.420
9.810
10.230
10.630
11.040
11.430
11.830
12.230
12.650
13.040
13.450
13.850
14.270
14.670
15.080
15.470
15.880
16.290
16.690
17.110
17.520
17.910
18.330
18.720
19.140
19.540
19.960
20.370
20.780
21.190
21.610
22.000
22.430
22.810
23.220
23.630
24.040
24.450
24.860
25.260
25.680
26.090
26.510
26.940
27.370
27.790
28.190
28.590
29.020
29.420
29.840
30.240
30.660
31.060
31.470
31.870
32.280
32.680
33.100
33.510
33.920
34.320
34.730
35.150
35.550
35.970
36.380
36.790
37.190
37.600
38.000
38.410
38.830
39.240
39.660
40.060
40.480
40.870
41.280
41.690
42.110
42.510
42.920
43.320
43.730
44.130
44.540
44.950
45.360
45.770
46.190
46.580
46.990
47.400
47.810
48.250
48.670
49.090
49.500
49.920
50.340
50.750
51.170
51.560
51.990
52.380
52.800
53.210
53.620
54.030
54.440
54.840
55.270
55.650
56.050
56.470
56.880
57.280
57.700
58.110
58.520
58.910
59.320
59.730
60.140
60.540
60.950
61.340
61.760
62.150
62.560
62.960
63.370
63.780
64.180
64.590
65.000
65.410
65.830
66.240
66.650
67.060
67.490
67.900
68.310
68.730
69.150
69.560
69.990
70.390
70.810
71.200
71.630
72.030
72.430
72.850
73.250
73.650
74.060
74.470
74.870
75.270
75.670
76.060
76.470
76.870
77.290
77.700
78.100
78.500
78.920
79.330
79.730
80.140
80.560
80.970
81.380
81.790
82.210
82.640
83.060
83.490
83.910
84.320
84.730
85.140
85.550
85.960
86.370
86.770
87.180
87.580
87.990
88.380
88.790
89.170
89.580
89.980
90.370
90.780
91.180
91.580
91.990
92.370
92.780
93.190
93.590
94.000
94.410
94.810
95.210
95.620
96.020
96.430
96.830
97.230
97.630
98.040
98.440
98.830
99.230
99.640
100.020
100.430
100.840
101.230
101.630
102.050
102.450
102.860
103.270
103.670
104.080
104.480
104.890
105.280
105.680
106.080
106.490
106.870
107.290
107.690
108.090
108.500
108.900
109.320
109.740
110.140
110.560
110.970
111.370
111.770
112.170
112.580
112.980
113.380
113.770
114.180
114.590
114.990
115.380
115.780
116.170
116.580
116.990
117.390
117.790
118.190
118.590
118.990
119.400
119.810
120.200
120.610
121.040
121.430
121.840
122.250
122.660
123.080
123.500
123.910
124.320
124.730
125.120
125.540
125.940
126.340
126.730
127.140
127.540
127.940
128.330
128.720
129.140
129.520
129.940
130.330
130.730
131.120
131.520
131.920
132.320
132.720
133.140
133.520
133.930
134.330
134.740
135.130
135.540
135.940
136.340
136.740
137.130
137.540
137.940
138.340
