0.850
1.890
2.950
4.020
5.060
6.130
7.180
8.230
9.240
10.290
11.320
12.360
13.400
14.450
15.490
16.530
17.540
18.600
19.630
20.680
21.710
22.750
23.800
24.850
25.900
26.960
27.970
28.970
29.950
30.930
31.890
32.880
33.850
34.910
35.990
37.070
38.090
39.140
40.180
41.220
42.250
43.290
44.320
45.380
46.410
47.470
48.490
49.520
50.540
51.590
52.610
53.670
54.700
55.770
56.780
57.850
58.880
59.950
60.980
61.960
62.940
63.920
64.880
65.840
66.790
67.750
68.690
69.720
70.750
71.760
72.810
73.850
74.880
75.900
76.940
77.980
79.010
80.050
81.070
82.110
83.140
84.150
85.190
86.230
87.260
88.280
89.300
90.340
91.380
92.410
93.430
94.450
95.470
96.460
97.470
98.490
99.540
100.620
101.670
102.770
103.820
104.890
105.940
107.010
108.040
109.070
110.120
111.210
112.240
113.310
114.360
115.410
116.420
117.490
118.550
119.610
120.660
121.740
122.760
123.840
124.900
125.970
127.000
127.980
128.980
129.980
130.960
131.920
132.890
133.900
134.860
135.880
136.940
137.980
138.990
140.040
141.070
142.110
143.150
144.170
145.220
146.260
147.290
148.320
149.320
150.350
151.360
152.400
153.430
154.450
155.480
156.500
157.550
158.590
159.620
160.650
161.650
162.650
163.670
164.740
165.820
166.940
168.030
169.130
170.200
171.260
172.290
173.350
174.410
175.460
176.490
177.560
178.600
179.660
180.710
181.760
182.810
183.860
184.910
185.980
187.020
188.110
189.150
190.150
191.240
192.280
193.310
194.300
195.290
196.310
197.320
198.320
199.420
200.540
201.640
202.690
