0.400
1.170
1.960
2.740
3.520
4.290
5.040
5.810
6.610
7.360
8.130
8.890
9.670
10.430
11.200
11.980
12.750
13.510
14.260
15.020
15.800
16.540
17.300
18.060
18.830
19.580
20.320
21.070
21.830
22.580
23.340
24.110
24.860
25.600
26.370
27.100
27.880
28.630
29.390
30.170
30.920
31.670
32.430
33.180
33.970
34.700
35.460
36.210
36.970
37.700
38.460
39.220
39.970
40.710
41.470
42.230
42.960
43.720
44.480
45.220
45.970
46.740
47.500
48.230
48.990
49.730
50.470
51.230
51.980
52.730
53.470
54.230
54.980
55.730
56.470
57.230
57.980
58.720
59.450
60.220
60.940
61.700
62.450
63.200
63.960
64.700
65.450
66.200
66.940
67.690
68.450
69.180
69.920
70.640
71.390
72.140
72.900
73.620
74.360
75.120
75.850
76.610
77.360
78.090
78.840
79.550
80.300
81.050
81.790
82.580
83.300
84.070
84.820
85.580
86.330
87.080
87.840
88.590
89.350
90.090
90.860
91.610
92.340
93.090
93.840
94.600
95.370
96.110
96.840
97.590
98.310
99.060
99.810
100.550
101.290
102.060
102.800
103.560
104.300
105.010
105.740
106.490
107.250
107.970
108.720
109.450
110.190
110.940
111.690
112.410
113.160
113.910
114.660
115.380
116.120
116.860
117.590
118.350
119.060
119.800
120.540
121.270
122.000
122.740
123.480
124.210
124.950
125.680
126.430
127.160
127.910
128.630
129.370
130.110
130.830
131.580
132.300
133.030
133.750
134.490
135.220
135.950
136.680
137.430
138.160
138.880
139.600
140.330
141.080
141.810
142.540
143.250
143.970
144.690
145.410
146.150
146.860
147.590
148.310
149.020
149.750
150.500
151.250
151.970
152.690
153.410
154.170
154.880
155.620
156.340
157.060
157.800
158.530
159.240
159.970
160.740
