0.430
0.910
1.360
1.820
2.270
2.730
3.170
3.610
4.070
4.540
5.000
5.450
5.910
6.370
6.840
7.300
7.770
8.230
8.700
9.170
9.640
10.090
10.550
11.020
11.480
11.940
12.390
12.870
13.330
13.780
14.240
14.700
15.160
15.640
16.110
16.570
17.040
17.510
17.970
18.440
18.920
19.380
19.850
20.320
20.790
21.240
21.710
22.170
22.640
23.090
23.520
23.980
24.420
24.870
25.320
25.780
26.240
26.710
27.170
27.640
28.100
28.560
29.020
29.480
29.950
30.420
30.890
31.360
31.820
32.280
32.740
33.210
33.670
34.130
34.610
35.080
35.540
36.020
36.470
36.950
37.410
37.880
38.350
38.820
39.280
39.750
40.220
40.680
41.140
41.610
42.090
42.550
43.020
43.490
43.960
44.420
44.880
45.330
45.780
46.220
46.660
47.120
47.580
48.030
48.490
48.950
49.420
49.880
50.340
50.800
51.280
51.750
52.210
52.680
53.140
53.610
54.080
54.550
55.010
55.470
55.940
56.410
56.870
57.340
57.800
58.270
58.740
59.210
59.680
60.140
60.620
61.080
61.550
62.020
62.490
62.960
63.430
63.910
64.390
64.850
65.330
65.810
66.290
66.740
67.220
67.690
68.160
68.640
69.090
69.560
70.030
70.490
70.940
71.420
71.880
72.340
72.810
73.280
73.750
74.220
74.690
75.160
75.620
76.100
76.550
77.020
77.490
77.960
78.430
78.900
79.360
79.830
80.290
80.750
81.220
81.680
82.140
82.600
83.060
83.500
83.960
84.420
84.890
85.360
85.810
86.280
86.740
87.190
87.660
88.110
88.560
89.020
89.480
89.950
90.410
90.880
91.340
91.800
92.270
92.740
93.210
93.680
94.140
94.600
95.090
95.550
96.030
96.490
96.960
97.430
97.900
98.360
98.810
99.280
99.750
100.200
100.660
101.120
101.590
102.050
102.520
102.970
103.450
103.920
104.390
104.860
105.330
105.790
106.240
106.710
107.170
107.630
108.100
108.560
109.030
109.490
109.960
110.430
110.910
111.380
111.840
112.310
112.770
113.250
113.710
114.190
114.660
115.130
115.590
116.070
116.540
117.010
117.470
117.960
118.410
118.880
119.360
119.840
120.300
120.760
121.250
121.720
122.200
122.670
123.160
123.630
124.110
124.590
125.070
125.560
126.020
126.500
126.990
127.470
127.950
128.420
128.900
129.380
129.850
130.320
130.790
131.270
131.740
132.220
132.670
133.150
133.610
134.080
134.550
135.030
135.510
135.970
136.440
136.900
137.390
137.860
138.330
138.800
139.260
139.740
140.210
140.680
141.150
141.620
142.090
142.560
143.030
143.480
143.950
144.420
144.890
145.360
145.820
146.280
146.760
147.220
147.670
148.140
148.590
149.050
149.520
149.970
150.420
