0.470
0.800
1.150
1.490
1.830
2.160
2.500
2.840
3.170
3.500
3.840
4.170
4.500
4.830
5.160
5.500
5.830
6.160
6.490
6.830
7.170
7.500
7.840
8.170
8.500
8.830
9.160
9.500
9.830
10.170
10.510
10.850
11.180
11.520
11.860
12.210
12.540
12.890
13.220
13.570
13.900
14.250
14.590
14.940
15.280
15.630
15.970
16.320
16.650
17.000
17.340
17.690
18.020
18.370
18.710
19.060
19.400
19.740
20.090
20.430
20.780
21.130
21.480
21.820
22.170
22.540
22.870
23.220
23.570
23.920
24.260
24.610
24.950
25.310
25.640
26.000
26.340
26.680
27.030
27.380
27.720
28.070
28.410
28.760
29.120
29.460
29.810
30.160
30.500
30.860
31.210
31.560
31.910
32.260
32.600
32.950
33.290
33.640
33.980
34.340
34.690
35.050
35.390
35.750
36.080
36.430
36.780
37.130
37.480
37.840
38.180
38.530
38.880
39.240
39.570
39.910
40.270
40.610
40.960
41.300
41.640
41.990
42.340
42.690
43.050
43.400
43.750
44.100
44.450
44.810
45.160
45.510
45.860
46.210
46.560
46.920
47.260
47.620
47.970
48.330
48.680
49.030
49.380
49.730
50.070
50.430
50.770
51.130
51.480
51.830
52.180
52.540
52.890
53.240
53.590
53.930
54.280
54.630
54.970
55.320
55.660
56.010
56.350
56.710
57.060
57.410
57.760
58.110
58.460
58.820
59.170
59.530
59.880
60.230
60.580
60.930
61.280
61.630
61.980
62.340
62.690
63.040
63.400
63.750
64.090
64.450
64.800
65.150
65.510
65.860
66.210
66.570
66.940
67.300
67.650
67.990
68.350
68.700
69.050
69.400
69.740
70.090
70.440
70.790
71.140
71.490
71.840
72.190
72.540
72.890
73.240
73.590
73.940
74.300
74.650
74.990
75.350
75.710
76.060
76.410
76.750
77.100
77.450
77.800
78.150
78.500
78.860
79.200
79.560
79.910
80.250
80.610
80.950
81.300
81.650
82.000
82.350
82.700
83.050
83.410
83.760
84.110
84.460
84.830
85.160
85.520
85.880
86.230
86.580
86.930
87.280
87.620
87.970
88.330
88.680
89.020
89.370
89.710
90.060
90.410
90.760
91.130
91.470
91.820
92.170
92.520
92.870
93.230
93.580
93.930
94.260
94.630
94.970
95.330
95.680
96.020
96.390
96.750
97.100
97.460
97.810
98.160
98.510
98.860
99.210
99.560
99.900
100.250
100.600
100.950
101.300
101.650
102.000
102.360
102.700
103.060
103.400
103.750
104.110
104.450
104.820
105.180
105.540
105.900
106.250
106.610
106.960
107.330
107.670
108.030
108.380
108.720
109.090
109.430
109.770
110.130
110.480
110.830
111.190
111.550
111.930
112.290
112.640
113.000
113.350
113.700
114.050
114.400
114.750
115.120
115.460
115.810
116.160
116.510
116.870
117.210
117.560
117.920
118.260
118.610
118.960
119.310
119.660
120.010
120.350
120.700
121.050
121.380
121.740
122.080
122.420
122.760
123.100
123.460
123.800
124.160
124.500
124.850
125.210
125.550
125.890
126.240
126.610
126.940
127.290
127.660
127.990
128.360
