0.380
1.290
2.180
3.090
4.010
4.910
5.800
6.760
7.580
8.410
9.180
9.900
10.630
11.350
12.060
12.760
13.460
14.160
14.870
15.570
16.270
16.960
17.680
18.360
19.060
19.780
20.500
21.220
21.950
22.680
23.390
24.110
24.810
25.530
26.240
26.940
27.670
28.390
29.100
29.810
30.530
31.240
31.960
32.670
33.390
34.130
34.830
35.540
36.260
36.970
37.690
38.400
39.110
39.780
40.480
41.180
41.900
42.590
43.300
44.000
44.710
45.390
46.090
46.780
47.490
48.200
48.920
49.620
50.340
51.040
51.760
52.470
53.190
53.900
54.600
55.300
56.020
56.710
57.410
58.110
58.810
59.530
60.250
60.950
61.670
62.370
63.080
63.800
64.510
65.250
65.960
66.650
67.340
68.040
68.740
69.430
70.140
70.840
71.560
72.270
72.960
73.660
74.350
75.080
75.780
76.480
77.190
77.910
78.610
79.330
80.030
80.740
81.450
82.130
82.840
83.530
84.230
84.920
85.620
86.330
87.030
87.730
88.440
89.120
89.830
90.540
91.260
91.980
92.710
93.430
94.150
94.880
95.600
96.320
97.030
97.750
98.470
99.190
99.920
100.630
101.320
102.020
102.740
103.460
104.190
104.880
105.570
106.270
106.960
107.670
108.360
109.080
109.780
110.490
111.190
111.860
112.570
113.250
113.960
114.680
115.400
116.120
116.830
117.530
118.250
118.940
119.640
120.330
121.030
121.740
122.450
123.150
123.840
124.570
125.270
125.990
126.700
127.390
128.080
128.790
129.470
130.200
130.890
131.600
132.300
133.000
133.710
134.410
135.110
135.820
136.530
137.260
137.970
138.680
139.410
140.120
140.820
141.540
142.250
142.940
143.650
144.360
145.060
145.780
146.470
147.180
147.890
148.600
149.320
150.030
150.750
151.420
152.140
152.840
153.550
154.240
154.960
155.640
156.340
157.040
157.750
158.480
159.180
159.900
160.600
161.320
162.010
162.750
163.420
164.170
164.840
165.550
