0.490
1.490
2.400
3.340
4.170
5.040
5.960
6.880
7.790
8.710
9.620
10.510
11.450
12.410
13.370
14.280
15.220
16.130
17.090
18.030
18.930
19.860
20.800
21.740
22.680
23.620
24.510
25.420
26.410
27.320
28.290
29.200
30.130
31.070
32.010
32.960
33.920
34.860
35.810
36.750
37.700
38.660
39.640
40.590
41.520
42.420
43.350
44.330
45.210
46.110
47.020
47.840
48.600
49.400
50.350
51.330
52.270
53.170
54.120
55.040
56.010
56.950
57.870
58.820
59.740
60.660
61.610
62.550
63.480
64.390
65.320
66.240
67.170
68.140
69.040
70.000
70.970
71.870
72.860
73.800
74.770
75.740
76.780
77.770
78.790
79.800
80.750
81.720
82.690
83.620
84.650
85.590
86.590
87.510
88.490
89.480
90.410
91.400
92.340
93.330
94.290
95.250
96.180
97.110
98.080
99.080
100.020
100.980
101.950
102.920
103.890
104.850
105.870
106.870
107.830
108.780
109.710
110.660
111.580
112.530
113.490
114.450
115.430
116.400
117.360
118.320
119.300
120.280
121.260
122.250
123.260
124.240
125.220
126.370
127.460
128.410
129.300
130.260
131.180
132.100
133.050
133.970
134.900
135.820
136.760
137.710
138.630
139.570
140.530
141.490
142.420
143.400
144.340
145.260
146.210
147.180
148.130
149.100
150.070
151.090
152.070
153.030
153.990
154.970
155.930
156.860
157.820
158.770
159.720
160.670
161.640
162.610
163.560
164.500
165.410
166.340
167.300
168.270
169.230
170.200
171.170
172.120
173.100
174.050
174.950
175.870
176.800
177.720
178.660
179.590
180.500
181.430
182.340
183.250
184.160
185.070
185.990
186.910
187.830
188.770
189.700
190.620
191.600
192.550
193.470
194.440
195.390
196.310
197.270
198.210
199.160
200.120
201.050
202.030
203.030
204.010
204.990
205.940
206.910
207.900
208.870
209.860
210.810
211.820
