0.400
0.760
1.090
1.440
1.780
2.100
2.440
2.780
3.120
3.460
3.820
4.150
4.490
4.830
5.180
5.510
5.850
6.200
6.540
6.880
7.230
7.580
7.930
8.290
8.640
8.990
9.340
9.690
10.040
10.380
10.730
11.070
11.420
11.770
12.120
12.450
12.810
13.150
13.500
13.840
14.190
14.540
14.890
15.240
15.590
15.940
16.290
16.640
17.000
17.340
17.700
18.040
18.410
18.760
19.110
19.460
19.810
20.160
20.500
20.840
21.190
21.540
21.890
22.230
22.580
22.920
23.280
23.610
23.970
24.320
24.680
25.010
25.350
25.700
26.040
26.380
26.730
27.080
27.430
27.770
28.120
28.470
28.820
29.170
29.520
29.860
30.210
30.560
30.910
31.250
31.600
31.940
32.290
32.630
32.980
33.320
33.680
34.030
34.380
34.720
35.070
35.410
35.760
36.090
36.450
36.790
37.140
37.480
37.840
38.180
38.550
38.890
39.240
39.590
39.940
40.270
40.630
40.980
41.320
41.660
42.010
42.360
42.720
43.050
43.400
43.750
44.090
44.430
44.800
45.140
45.490
45.830
46.190
46.540
46.890
47.230
47.590
47.930
48.290
48.630
48.990
49.340
49.700
50.040
50.400
50.740
51.100
51.450
51.800
52.140
52.480
52.840
53.190
53.550
53.890
54.240
54.590
54.940
55.300
55.650
56.000
56.350
56.700
57.040
57.390
57.740
58.080
58.430
58.780
59.150
59.500
59.860
60.200
60.570
60.910
61.270
61.620
61.970
62.320
62.670
63.020
63.370
63.720
64.060
64.410
64.760
65.110
65.450
65.810
66.160
66.510
66.860
67.210
67.560
67.910
68.250
68.600
68.950
69.300
69.650
70.010
70.370
70.720
71.070
71.420
71.760
72.120
72.470
72.820
73.170
73.520
73.870
74.230
74.580
74.930
75.290
75.650
76.010
76.350
76.700
77.060
77.420
77.760
78.120
78.460
78.820
79.160
79.500
79.860
80.220
80.570
80.910
81.260
81.620
81.970
82.300
82.670
83.020
83.390
83.730
84.090
84.460
84.800
85.160
85.510
85.860
86.210
86.550
86.900
87.250
87.610
87.950
88.310
88.660
89.010
89.360
89.720
90.070
90.420
90.770
91.120
91.480
91.820
92.180
92.520
92.890
93.220
93.580
93.930
94.280
94.620
94.980
95.330
95.680
96.030
96.390
96.730
97.090
97.430
97.790
98.140
98.480
98.840
99.190
99.540
99.890
100.240
100.590
100.940
101.290
101.630
101.980
102.330
102.690
103.040
103.380
103.730
104.080
104.420
104.760
105.110
105.460
105.800
106.150
106.500
106.850
107.200
107.550
107.890
108.240
108.600
108.950
109.300
109.650
110.000
110.350
110.700
111.050
111.400
111.740
112.090
112.440
112.780
113.130
113.490
113.840
114.180
114.530
114.880
115.210
115.570
115.920
116.270
116.620
116.970
117.320
117.670
118.010
118.360
118.710
119.060
119.420
119.760
120.120
120.470
120.830
121.170
121.510
121.870
122.230
122.580
122.910
123.270
123.630
123.980
124.330
124.680
125.030
125.390
125.740
126.100
126.450
126.800
127.150
127.500
127.840
128.190
128.550
128.890
129.240
129.600
129.960
130.300
130.660
131.010
131.350
131.710
132.050
132.410
132.750
133.110
133.460
133.810
134.150
134.500
134.850
135.210
135.550
135.910
136.250
136.600
136.940
137.300
137.650
138.000
138.340
138.690
139.050
139.400
139.750
140.100
140.450
140.800
141.160
141.510
141.860
142.210
142.560
142.900
