0.490
1.400
2.280
3.170
4.080
4.990
5.860
6.780
7.640
8.530
9.370
10.280
11.140
12.030
12.900
13.790
14.710
15.620
16.490
17.400
18.290
19.200
20.090
20.940
21.800
22.720
23.630
24.530
25.410
26.350
27.210
28.110
29.000
29.890
30.780
31.630
32.540
33.420
34.290
35.180
36.070
36.950
37.860
38.770
39.670
40.560
41.460
42.360
43.250
44.160
45.040
45.960
46.850
47.730
48.630
49.530
50.430
51.330
52.210
53.090
53.990
54.870
55.750
56.630
57.550
58.440
59.320
60.210
61.100
61.990
62.860
63.730
64.630
65.540
66.430
67.330
68.200
69.110
70.010
70.910
71.790
72.670
73.550
74.430
75.300
76.200
77.060
77.950
78.830
79.770
80.660
81.580
82.500
83.420
84.300
85.170
86.060
86.960
87.850
88.740
89.640
90.530
91.400
92.280
93.160
94.060
94.920
95.800
96.690
97.600
98.480
99.390
100.290
101.200
102.090
102.980
103.860
104.740
105.640
106.530
107.420
108.320
109.200
110.100
110.980
111.860
112.750
113.640
114.550
115.470
116.360
117.240
118.130
119.020
119.890
120.810
121.680
122.610
123.510
124.390
125.290
126.180
127.060
127.970
128.860
129.770
130.650
131.530
132.410
133.320
134.210
135.110
136.010
136.920
137.800
138.700
139.610
140.510
141.390
142.300
143.190
144.090
144.980
145.890
146.770
147.660
148.540
149.460
150.360
151.290
152.160
153.070
153.950
154.840
155.720
156.610
157.480
158.360
159.250
160.120
160.990
161.890
162.770
163.640
164.490
165.370
166.230
167.110
168.000
168.830
