0.690
1.160
1.620
2.090
2.560
3.030
3.490
3.950
4.420
4.860
5.330
5.800
6.280
6.750
7.210
7.670
8.120
8.580
9.050
9.510
9.980
10.450
10.920
11.380
11.850
12.330
12.800
13.280
13.770
14.230
14.700
15.170
15.640
16.120
16.590
17.060
17.530
18.000
18.480
18.950
19.420
19.900
20.370
20.850
21.320
21.780
22.230
22.660
23.120
23.560
24.020
24.500
24.960
25.420
25.890
26.360
26.830
27.310
27.780
28.260
28.730
29.200
29.670
30.140
30.600
31.070
31.540
32.020
32.500
32.960
33.430
33.910
34.380
34.850
35.330
35.800
36.280
36.740
37.200
37.650
38.100
38.560
39.030
39.500
39.990
40.450
40.930
41.410
41.880
42.360
42.830
43.310
43.780
44.250
44.730
45.200
45.680
46.160
46.630
47.120
47.600
48.070
48.550
49.030
49.500
49.980
50.460
50.930
51.420
51.880
52.340
52.780
53.240
53.700
54.160
54.640
55.120
55.590
56.060
56.540
57.020
57.500
57.980
58.470
58.950
59.430
59.910
60.380
60.870
61.340
61.810
62.320
62.800
63.280
63.760
64.260
64.750
65.220
65.700
66.190
66.670
67.160
67.640
68.120
68.610
69.090
69.570
70.070
70.560
71.050
71.530
72.040
72.520
73.010
73.490
73.990
74.490
74.980
75.460
75.960
76.440
76.930
77.420
77.930
78.420
78.920
79.400
79.900
80.380
80.880
81.370
81.870
82.360
82.850
83.330
83.830
84.330
84.820
85.310
85.820
86.320
86.810
87.330
87.820
88.300
88.810
89.300
89.800
90.300
90.780
91.280
91.770
92.260
92.730
93.230
93.710
94.190
94.670
95.160
95.640
96.120
96.600
97.080
97.570
98.050
98.530
99.010
99.490
99.970
100.450
100.930
101.410
101.880
102.360
102.820
103.290
103.760
104.220
104.690
105.170
105.650
106.130
106.610
107.090
107.580
108.060
108.540
109.010
109.500
109.960
110.430
110.900
111.360
111.830
112.300
112.780
113.250
113.720
114.190
114.670
115.150
115.640
116.130
116.610
117.080
117.580
118.050
118.530
119.010
119.500
119.990
120.470
120.960
121.450
121.930
122.420
122.900
123.390
123.880
124.380
124.850
125.360
125.840
126.320
126.810
127.290
127.770
128.270
128.750
129.230
129.700
130.180
130.670
131.150
131.610
132.100
132.580
133.070
133.540
134.030
134.510
134.990
135.470
135.950
136.440
136.910
137.400
137.880
138.380
138.860
139.370
139.860
140.370
140.840
141.340
141.860
142.340
142.840
143.340
143.870
144.360
144.840
145.370
145.870
146.370
146.830
147.340
147.810
148.320
