0.720
1.200
1.720
2.220
2.690
3.170
3.660
4.150
4.630
5.110
5.610
6.110
6.580
7.070
7.590
8.120
8.650
9.150
9.660
10.150
10.630
11.120
11.620
12.110
12.610
13.100
13.590
14.080
14.570
15.050
15.550
16.050
16.540
17.020
17.520
18.020
18.520
19.010
19.500
20.010
20.500
21.000
21.490
21.990
22.480
22.980
23.470
23.970
24.450
24.940
25.440
25.940
26.420
26.910
27.400
27.900
28.390
28.870
29.360
29.850
30.330
30.830
31.320
31.820
32.300
32.790
33.300
33.790
34.290
34.780
35.290
35.790
36.280
36.770
37.280
37.780
38.270
38.760
39.270
39.760
40.250
40.740
41.260
41.750
42.260
42.760
43.270
43.770
44.260
44.760
45.250
45.750
46.240
46.730
47.230
47.720
48.210
48.710
49.210
49.710
50.190
50.680
51.180
51.670
52.170
52.650
53.160
53.660
54.140
54.630
55.120
55.620
56.110
56.610
57.100
57.600
58.100
58.590
59.100
59.600
60.100
60.580
61.080
61.590
62.090
62.580
63.070
63.580
64.080
64.570
65.070
65.570
66.050
66.550
67.070
67.570
68.070
68.570
69.060
69.550
70.050
70.540
71.050
71.560
72.050
72.570
73.050
73.550
74.040
74.540
75.040
75.540
76.040
76.560
77.070
77.560
78.070
78.570
79.070
79.570
80.060
80.560
81.040
81.540
82.040
82.540
83.040
83.530
84.020
84.520
85.010
85.500
86.010
86.500
86.990
87.500
87.990
88.490
88.970
89.480
89.960
90.450
90.960
91.450
91.940
92.450
92.950
93.450
93.960
94.460
94.960
95.460
95.950
96.450
96.950
97.460
97.950
98.440
98.930
99.440
99.920
100.410
100.900
101.410
101.900
102.400
102.900
103.400
103.900
104.400
104.900
105.400
105.900
106.400
106.900
107.390
107.880
108.370
108.880
109.380
109.870
110.400
110.880
111.400
111.890
112.380
112.880
113.390
113.870
114.370
114.860
115.370
115.850
116.340
116.840
117.340
117.820
118.310
118.800
119.290
119.800
120.290
120.800
121.300
121.780
122.270
122.780
123.270
123.750
124.250
124.730
125.230
125.730
126.220
126.710
127.200
127.700
128.190
128.690
129.180
129.670
130.190
130.680
131.180
131.670
132.180
132.660
133.150
133.650
134.140
134.620
135.110
135.620
136.120
136.580
137.080
137.570
138.060
138.560
139.050
139.540
140.040
140.530
141.040
141.530
142.040
142.520
