0.820
1.640
2.490
3.350
4.190
5.040
5.910
6.810
7.680
8.590
9.420
10.310
11.160
12.040
12.920
13.790
14.660
15.540
16.410
17.290
18.170
19.050
19.960
20.840
21.730
22.630
23.520
24.430
25.340
26.220
27.140
28.050
28.940
29.870
30.760
31.700
32.580
33.460
34.360
35.220
36.140
37.010
37.930
38.860
39.780
40.680
41.600
42.460
43.380
44.300
45.190
46.060
46.950
47.830
48.730
49.610
50.530
51.460
52.380
53.290
54.170
55.060
55.970
56.840
57.770
58.680
59.590
60.500
61.430
62.320
63.230
64.120
65.010
65.920
66.830
67.730
68.620
69.520
70.430
71.330
72.260
73.180
74.090
75.040
75.930
76.880
77.770
78.670
79.590
80.540
81.470
82.400
83.320
84.260
85.150
86.060
86.990
87.900
88.800
89.700
90.590
91.470
92.370
93.260
94.160
95.060
95.960
96.850
97.740
98.610
99.520
100.400
101.320
102.230
103.130
104.010
104.920
105.780
106.700
107.600
108.510
109.420
110.310
111.220
112.110
113.000
113.920
114.790
115.650
116.570
117.480
118.390
119.290
120.190
121.100
122.000
122.930
123.830
124.770
125.710
126.620
127.560
128.480
129.400
130.330
131.250
132.170
133.100
134.010
134.940
135.850
136.790
137.720
138.620
139.560
140.470
141.390
142.330
143.240
144.140
145.050
146.000
146.890
147.780
148.700
149.580
150.490
151.370
152.270
153.160
154.050
154.950
155.840
156.730
157.620
158.510
159.410
160.340
161.230
162.080
162.980
163.870
164.770
165.680
166.570
167.500
168.410
169.330
170.240
171.160
172.050
172.980
173.890
174.830
175.750
176.690
177.600
178.530
179.420
180.350
181.240
182.160
183.070
183.970
184.880
185.790
186.680
187.570
188.460
189.390
190.290
191.220
192.140
193.030
193.950
194.880
195.810
196.740
197.670
198.600
199.560
200.470
201.390
202.340
203.220
204.180
205.080
206.020
206.900
207.770
208.680
209.600
210.540
