0.450
0.910
1.330
1.770
2.210
2.650
3.100
3.540
3.980
4.410
4.850
5.300
5.740
6.180
6.610
7.060
7.520
8.000
8.430
8.890
9.330
9.790
10.230
10.660
11.100
11.550
11.980
12.430
12.870
13.310
13.740
14.170
14.610
15.060
15.510
15.940
16.380
16.820
17.270
17.700
18.130
18.580
19.010
19.450
19.890
20.340
20.760
21.210
21.660
22.090
22.540
22.970
23.400
23.840
24.290
24.730
25.160
25.590
26.030
26.460
26.900
27.340
27.780
28.220
28.650
29.100
29.530
29.970
30.410
30.840
31.280
31.730
32.160
32.610
33.050
33.490
33.920
34.330
34.750
35.160
35.580
36.030
36.480
36.900
37.340
37.780
38.230
38.690
39.140
39.580
40.010
40.460
40.900
41.330
41.770
42.200
42.650
43.080
43.540
43.980
44.410
44.850
45.300
45.740
46.180
46.620
47.060
47.500
47.930
48.370
48.800
49.240
49.700
50.130
50.570
51.010
51.450
51.880
52.330
52.770
53.220
53.660
54.090
54.520
54.960
55.400
55.850
56.280
56.720
57.160
57.610
58.040
58.480
58.930
59.380
59.810
60.250
60.700
61.140
61.570
62.000
62.430
62.860
63.270
63.700
64.130
64.560
64.990
65.420
65.860
66.290
66.730
67.160
67.600
68.040
68.480
68.900
69.340
69.780
70.240
70.660
71.080
71.520
71.950
72.390
72.820
73.270
73.710
74.130
74.580
75.030
75.470
75.920
76.360
76.820
77.260
77.700
78.140
78.590
79.030
79.470
79.910
80.340
80.780
81.220
81.670
82.110
82.550
82.990
83.420
83.860
84.290
84.730
85.170
85.610
86.050
86.490
86.930
87.370
87.810
88.250
88.690
89.140
89.570
90.010
90.450
90.890
91.320
91.760
92.200
92.640
93.070
93.520
93.950
94.400
94.830
95.260
95.700
96.150
96.580
97.020
97.460
97.900
98.340
98.780
99.240
99.670
100.100
100.530
100.960
101.390
101.800
102.230
102.660
103.090
103.520
103.960
104.390
104.820
105.280
105.710
106.150
106.590
107.020
107.470
107.900
108.340
108.790
109.250
109.710
110.160
110.590
111.040
111.490
111.950
112.390
112.850
113.300
113.740
114.200
114.650
115.110
115.550
115.990
116.450
116.890
117.340
117.780
118.220
118.650
119.090
119.530
119.960
120.400
120.830
121.260
121.690
122.140
122.570
122.980
123.410
123.850
124.290
124.720
125.130
125.570
126.000
126.440
126.880
127.300
127.750
128.190
128.620
129.050
129.470
129.910
130.340
130.770
131.200
131.630
132.060
132.500
132.940
133.370
133.810
134.250
134.680
135.120
135.570
136.010
136.440
136.890
137.340
137.770
138.210
138.650
139.080
139.520
139.930
140.380
140.790
141.220
141.660
142.100
142.520
142.940
143.380
143.810
144.230
144.670
