0.370
0.900
1.410
1.930
2.480
3.030
3.570
4.130
4.660
5.230
5.760
6.350
6.910
7.450
7.990
8.530
9.080
9.610
10.140
10.690
11.250
11.780
12.350
12.910
13.460
14.030
14.610
15.160
15.710
16.240
16.810
17.340
17.920
18.460
19.030
19.600
20.160
20.760
21.320
21.900
22.470
23.040
23.600
24.190
24.770
25.340
25.900
26.480
27.030
27.540
28.110
28.620
29.170
29.700
30.260
30.820
31.440
32.030
32.590
33.190
33.750
34.320
34.890
35.440
36.020
36.570
37.120
37.680
38.240
38.790
39.350
39.870
40.410
40.970
41.480
42.040
42.610
43.170
43.720
44.290
44.890
45.460
46.030
46.620
47.190
47.750
48.320
48.890
49.480
50.060
50.640
51.250
51.840
52.430
53.020
53.610
54.190
54.760
55.350
55.930
56.500
57.070
57.640
58.230
58.810
59.380
59.940
60.530
61.090
61.670
62.200
62.770
63.340
63.930
64.480
65.080
65.640
66.220
66.810
67.390
67.970
68.560
69.140
69.720
70.270
70.840
71.400
71.950
72.500
73.060
73.630
74.170
74.730
75.290
75.860
76.430
77.000
77.570
78.150
78.720
79.290
79.870
80.430
80.990
81.550
82.130
82.710
83.260
83.830
84.400
84.960
85.500
86.080
86.640
87.210
87.790
88.380
88.940
89.520
90.090
90.680
91.260
91.830
92.430
93.010
93.590
94.140
94.700
95.280
95.820
96.370
96.930
97.490
98.070
98.630
99.170
99.730
100.260
100.800
101.400
101.980
102.590
103.170
103.780
104.390
104.990
105.570
106.170
106.770
107.330
107.950
108.540
109.140
109.750
110.360
110.960
111.560
112.140
112.750
113.330
113.930
114.530
115.140
115.740
116.340
116.940
117.540
118.100
118.650
119.220
119.760
120.310
120.870
121.430
122.000
122.580
123.160
123.740
124.330
124.930
125.510
126.080
126.650
127.230
127.810
128.400
128.990
129.570
130.160
130.740
131.320
131.900
132.490
133.090
133.670
134.270
134.870
135.480
136.090
136.670
137.260
137.840
138.410
138.980
139.540
140.130
140.700
141.270
141.850
142.430
143.020
143.620
144.230
144.790
145.410
146.000
146.590
147.180
147.770
148.350
148.960
149.570
150.170
150.760
151.370
151.970
152.610
153.190
153.810
154.440
155.030
155.660
156.260
156.850
157.490
158.110
158.830
159.570
160.360
161.180
162.030
162.840
163.610
164.430
165.240
166.030
166.850
167.640
168.430
169.250
170.040
170.850
171.640
172.400
173.180
173.970
174.800
175.580
176.370
177.010
177.610
178.250
178.890
179.530
180.160
180.770
181.420
182.050
