0.440
0.920
1.420
1.950
2.430
2.920
3.430
3.930
4.440
4.930
5.430
5.930
6.430
6.920
7.420
7.920
8.430
8.930
9.420
9.930
10.440
10.930
11.430
11.940
12.470
12.970
13.470
13.970
14.470
14.970
15.480
15.970
16.490
17.000
17.500
18.000
18.510
19.010
19.500
19.990
20.490
20.990
21.490
21.970
22.470
22.960
23.470
23.970
24.440
24.940
25.440
25.940
26.420
26.910
27.410
27.910
28.390
28.890
29.380
29.870
30.350
30.840
31.330
31.840
32.320
32.830
33.330
33.830
34.330
34.830
35.330
35.830
36.340
36.840
37.330
37.840
38.340
38.830
39.320
39.810
40.310
40.800
41.310
41.810
42.330
42.830
43.340
43.840
44.350
44.850
45.360
45.860
46.380
46.880
47.390
47.880
48.390
48.890
49.380
49.880
50.380
50.880
51.390
51.880
52.370
52.860
53.370
53.850
54.340
54.840
55.350
55.820
56.310
56.800
57.300
57.780
58.280
58.780
59.270
59.750
60.220
60.710
61.200
61.720
62.200
62.700
63.180
63.670
64.180
64.670
65.150
65.650
66.140
66.630
67.130
67.620
68.110
68.600
69.090
69.570
70.070
70.550
71.040
71.530
72.020
72.500
72.990
73.470
73.960
74.450
74.940
75.430
75.920
76.400
76.880
77.370
77.870
78.370
78.850
79.360
79.840
80.330
80.830
81.340
81.840
82.330
82.840
83.340
83.830
84.330
84.830
85.330
85.820
86.320
86.820
87.320
87.830
88.330
88.830
89.320
89.830
90.320
90.810
91.330
91.830
92.340
92.840
93.330
93.820
94.330
94.830
95.340
95.840
96.320
96.830
97.320
97.820
98.340
98.830
99.290
99.810
100.280
100.790
101.260
101.770
102.240
102.720
103.220
103.710
104.200
104.680
105.200
105.690
106.180
106.640
107.160
107.650
108.140
108.660
109.140
109.730
110.410
111.060
111.810
112.530
113.290
114.050
114.850
115.620
116.370
117.170
117.960
118.790
119.600
120.480
121.370
122.230
123.090
123.970
124.880
125.780
126.750
127.780
128.790
129.750
130.770
131.700
132.700
133.710
134.750
