0.680
1.170
1.660
2.160
2.650
3.160
3.650
4.150
4.660
5.180
5.690
6.190
6.710
7.220
7.710
8.230
8.750
9.250
9.750
10.280
10.790
11.300
11.820
12.330
12.830
13.330
13.850
14.370
14.890
15.400
15.900
16.410
16.920
17.440
17.960
18.490
19.010
19.530
20.030
20.560
21.070
21.580
22.100
22.610
23.140
23.650
24.180
24.690
25.230
25.760
26.260
26.800
27.310
27.840
28.340
28.860
29.390
29.910
30.450
30.970
31.480
32.000
32.530
33.060
33.560
34.080
34.610
35.140
35.660
36.180
36.700
37.210
37.740
38.250
38.790
39.290
39.830
40.350
40.880
41.390
41.910
42.420
42.960
43.480
44.020
44.530
45.070
45.590
46.120
46.640
47.170
47.700
48.230
48.750
49.280
49.810
50.340
50.870
51.400
51.930
52.470
53.000
53.520
54.050
54.580
55.120
55.640
56.170
56.690
57.220
57.740
58.260
58.790
59.310
59.840
60.370
60.880
61.410
61.930
62.450
62.970
63.490
64.020
64.540
65.070
65.590
66.120
66.650
67.180
67.720
68.240
68.780
69.320
69.850
70.380
70.900
71.420
71.940
72.470
73.020
73.560
74.080
74.620
75.130
75.660
76.200
76.720
77.260
77.790
78.310
78.830
79.370
79.860
80.400
80.930
81.450
81.980
82.490
83.040
83.570
84.090
84.620
85.150
85.680
86.210
86.740
87.270
87.780
88.310
88.840
89.370
89.910
90.430
90.960
91.500
92.020
92.560
93.080
93.620
94.170
94.670
95.230
95.760
96.290
96.820
97.340
97.870
98.400
98.930
99.470
100.000
100.530
101.070
101.590
102.120
102.660
103.180
103.710
104.240
104.770
105.310
105.850
106.370
106.900
107.450
107.960
108.500
109.040
109.550
110.080
110.620
111.150
111.680
112.220
112.750
113.280
113.810
114.340
114.870
115.390
115.930
116.440
116.990
117.510
118.040
118.570
119.090
119.630
120.140
120.690
121.220
121.740
122.260
122.800
123.330
123.850
124.400
124.920
125.470
126.010
126.540
127.060
127.620
128.150
128.660
129.220
129.740
130.280
130.800
131.330
131.870
132.400
132.950
133.480
134.010
134.550
135.080
135.620
136.160
136.680
137.210
137.740
138.270
138.800
139.320
139.860
140.400
140.910
141.460
141.970
142.520
143.050
143.580
144.110
144.650
