0.510
1.080
1.680
2.270
2.840
3.440
4.040
4.620
5.200
5.800
6.390
6.980
7.560
8.150
8.730
9.310
9.900
10.490
11.070
11.660
12.240
12.830
13.410
14.000
14.580
15.180
15.760
16.350
16.920
17.500
18.100
18.670
19.250
19.830
20.420
21.000
21.580
22.170
22.770
23.350
23.940
24.530
25.110
25.700
26.280
26.870
27.440
28.020
28.600
29.200
29.770
30.340
30.920
31.500
32.070
32.640
33.220
33.810
34.400
34.970
35.550
36.130
36.720
37.290
37.870
38.450
39.050
39.630
40.210
40.780
41.380
41.970
42.560
43.130
43.720
44.290
44.870
45.460
46.050
46.630
47.210
47.780
48.360
48.940
49.520
50.100
50.700
51.280
51.860
52.440
53.020
53.600
54.170
54.750
55.330
55.910
56.490
57.060
57.640
58.210
58.780
59.360
59.940
60.520
61.100
61.680
62.270
62.840
63.410
63.990
64.590
65.170
65.750
66.330
66.890
67.460
68.050
68.620
69.210
69.770
70.360
70.930
71.520
72.120
72.720
73.300
73.870
74.460
75.040
75.610
76.190
76.780
77.370
77.950
78.520
79.110
79.680
80.260
80.850
81.420
82.010
82.580
83.160
83.750
84.320
84.910
85.460
86.060
86.630
87.210
87.790
88.360
88.930
89.500
90.080
90.670
91.230
91.810
92.380
92.940
93.500
94.080
94.650
95.220
95.800
96.370
96.940
97.520
98.110
98.690
99.270
99.830
100.410
100.990
101.570
102.160
102.720
103.300
103.910
