0.640
1.100
1.530
1.970
2.400
2.850
3.290
3.740
4.160
4.610
5.050
5.490
5.910
6.340
6.790
7.210
7.660
8.090
8.550
9.000
9.430
9.880
10.330
10.790
11.240
11.680
12.140
12.580
13.040
13.500
13.960
14.410
14.860
15.320
15.770
16.220
16.680
17.130
17.580
18.050
18.480
18.930
19.400
19.850
20.300
20.760
21.210
21.660
22.120
22.560
23.020
23.470
23.920
24.370
24.820
25.270
25.730
26.190
26.640
27.090
27.550
28.010
28.470
28.920
29.370
29.810
30.270
30.720
31.180
31.630
32.090
32.540
32.990
33.440
33.900
34.350
34.800
35.260
35.720
36.170
36.620
37.070
37.530
37.990
38.440
38.900
39.350
39.810
40.260
40.710
41.170
41.620
42.070
42.520
42.980
43.430
43.880
44.330
44.790
45.240
45.700
46.160
46.610
47.070
47.530
47.990
48.440
48.900
49.350
49.810
50.260
50.710
51.160
51.590
52.050
52.500
52.940
53.390
53.840
54.290
54.750
55.190
55.650
56.120
56.570
57.020
57.480
57.930
58.370
58.840
59.290
59.740
60.200
60.650
61.110
61.570
62.030
62.500
62.950
63.420
63.870
64.330
64.790
65.240
65.700
66.160
66.620
67.080
67.530
67.990
68.450
68.900
69.350
69.810
70.270
70.730
71.180
71.640
72.100
72.560
73.010
73.490
73.950
74.400
74.870
75.320
75.780
76.230
76.690
77.150
77.610
78.070
78.530
78.980
79.440
79.890
80.340
80.790
81.250
81.700
82.160
82.620
83.070
83.530
83.990
84.450
84.900
85.370
85.820
86.280
86.730
87.180
87.640
88.090
88.550
89.000
89.450
89.910
90.360
90.820
91.280
91.750
92.210
92.660
93.120
93.570
94.030
94.500
94.970
95.430
95.890
96.350
96.810
97.260
97.720
98.170
98.640
99.090
99.560
100.020
100.480
100.930
101.400
101.860
102.320
102.780
103.240
103.690
104.160
104.620
105.080
105.530
105.990
106.450
106.910
107.380
107.840
108.290
108.760
109.210
109.670
110.130
110.580
111.040
111.500
111.960
112.420
112.880
113.330
113.800
114.270
114.720
115.180
115.630
116.090
116.530
117.000
117.430
117.890
118.350
118.800
119.250
119.710
120.160
120.610
121.090
121.550
122.010
122.460
122.930
123.370
123.850
124.290
124.750
125.220
125.670
126.130
126.590
127.060
127.510
127.980
128.420
128.870
129.340
129.780
130.240
130.690
131.160
131.620
132.080
132.540
132.980
133.440
133.910
134.380
134.820
135.290
135.760
136.220
136.670
137.130
137.590
138.050
138.490
138.940
139.390
139.840
140.280
140.750
141.190
141.650
142.100
142.560
143.020
143.480
143.940
144.390
144.850
145.310
145.780
146.230
146.680
147.140
147.600
148.070
