0.470
0.980
1.480
1.970
2.490
2.960
3.460
3.940
4.450
4.930
5.430
5.910
6.420
6.900
7.400
7.870
8.370
8.850
9.370
9.850
10.350
10.840
11.320
11.800
12.300
12.770
13.270
13.750
14.250
14.740
15.220
15.700
16.200
16.670
17.170
17.650
18.150
18.640
19.120
19.600
20.100
20.580
21.090
21.560
22.060
22.540
23.020
23.510
23.980
24.460
24.980
25.460
25.950
26.450
26.930
27.420
27.910
28.400
28.880
29.350
29.850
30.330
30.810
31.290
31.800
32.290
32.780
33.260
33.740
34.230
34.720
35.210
35.700
36.190
36.680
37.160
37.630
38.130
38.630
39.120
39.590
40.100
40.570
41.050
41.550
42.040
42.550
43.030
43.490
43.970
44.450
44.930
45.410
45.910
46.380
46.860
47.350
47.840
48.350
48.840
49.330
49.810
50.290
50.770
51.270
51.780
52.270
52.750
53.240
53.730
54.220
54.690
55.190
55.690
56.180
56.680
57.190
57.670
58.150
58.630
59.140
59.630
60.110
60.590
61.090
61.600
62.080
62.580
63.070
63.560
64.050
64.540
65.020
65.510
66.010
66.490
66.980
67.460
67.950
68.430
68.920
69.390
69.890
70.350
70.840
71.320
71.810
72.290
72.790
73.270
73.770
74.250
74.770
75.270
75.770
76.260
76.740
77.250
77.740
78.220
78.710
79.210
79.700
80.190
80.690
81.160
81.680
82.160
82.660
83.150
83.630
84.110
84.620
85.110
85.600
86.070
86.580
87.050
87.560
88.050
88.520
89.020
89.500
89.990
90.500
90.960
91.460
91.950
92.450
92.940
93.420
93.920
94.390
94.890
95.380
95.870
96.400
96.880
97.360
97.870
98.340
98.840
99.330
99.830
100.310
100.800
101.280
101.780
102.280
102.770
103.260
103.740
104.260
104.740
105.250
105.740
106.250
106.720
107.220
107.710
108.210
108.700
109.180
109.660
110.180
110.660
111.160
111.630
112.130
112.620
113.090
113.590
114.060
114.540
115.040
115.510
116.010
116.480
116.990
117.470
117.950
118.440
118.920
119.420
119.900
120.390
120.870
121.370
121.850
122.320
122.810
123.320
123.820
124.290
124.780
125.260
125.770
126.250
126.750
127.230
127.720
128.200
128.720
