0.480
0.820
1.150
1.480
1.810
2.130
2.470
2.800
3.130
3.460
3.790
4.120
4.460
4.770
5.100
5.410
5.740
6.060
6.380
6.730
7.050
7.360
7.680
8.000
8.320
8.650
8.970
9.290
9.610
9.920
10.250
10.580
10.920
11.240
11.570
11.890
12.210
12.530
12.860
13.180
13.510
13.840
14.160
14.480
14.800
15.130
15.440
15.760
16.090
16.410
16.720
17.050
17.370
17.690
18.010
18.330
18.650
18.970
19.300
19.630
19.950
20.280
20.620
20.950
21.270
21.590
21.920
22.250
22.580
22.900
23.220
23.540
23.870
24.190
24.510
24.830
25.150
25.470
25.800
26.140
26.460
26.780
27.090
27.420
27.740
28.070
28.400
28.730
29.050
29.370
29.700
30.030
30.350
30.670
30.990
31.310
31.640
31.960
32.280
32.610
32.930
33.250
33.580
33.910
34.240
34.560
34.890
35.200
35.530
35.850
36.170
36.500
36.830
37.160
37.490
37.810
38.140
38.470
38.790
39.130
39.450
39.790
40.110
40.440
40.750
41.080
41.400
41.730
42.060
42.390
42.710
43.030
43.350
43.670
43.990
44.320
44.640
44.960
45.290
45.620
45.940
46.280
46.590
46.920
47.250
47.570
47.900
48.210
48.530
48.850
49.170
49.490
49.820
50.140
50.450
50.790
51.110
51.440
51.770
52.090
52.420
52.750
53.070
53.400
53.720
54.040
54.370
54.690
55.030
55.360
55.690
56.010
56.340
56.660
56.990
57.310
57.640
57.970
58.280
58.620
58.940
59.270
59.600
59.930
60.250
60.570
60.890
61.220
61.540
61.860
62.180
62.510
62.840
63.170
63.510
63.830
64.170
64.480
64.810
65.160
65.470
65.800
66.130
66.440
66.760
67.090
67.410
67.730
68.040
68.370
68.690
69.010
69.330
69.650
69.970
70.300
70.630
70.960
71.280
71.610
71.940
72.260
72.610
72.940
73.250
73.600
73.930
74.250
74.570
74.900
75.240
75.560
75.900
76.230
76.560
76.880
77.210
77.530
77.850
78.170
78.510
78.830
79.170
79.490
79.810
80.140
80.470
80.800
81.130
81.460
81.790
82.110
82.440
82.760
83.080
83.390
83.720
84.030
84.370
84.700
85.030
85.350
85.680
86.010
86.340
86.660
86.990
87.320
87.650
87.970
88.300
88.620
88.930
89.260
89.580
89.890
90.230
90.560
90.870
91.220
91.540
91.860
92.190
92.520
92.860
93.180
93.500
93.820
94.140
94.470
94.780
95.110
95.420
95.740
96.060
96.390
96.700
97.020
97.350
97.670
97.990
98.320
98.640
98.970
99.290
99.630
99.950
100.300
100.630
100.950
101.270
101.590
101.910
102.230
102.550
102.870
103.200
103.520
103.840
104.160
104.480
104.800
105.120
105.450
105.770
106.100
106.420
106.750
107.080
107.410
107.740
108.060
108.380
108.700
109.020
109.340
109.660
109.990
110.320
110.640
110.980
111.300
111.630
111.960
112.280
112.610
112.940
113.280
113.610
113.930
114.280
114.590
114.920
115.240
115.560
115.880
116.210
116.540
116.870
117.190
117.510
117.850
118.190
118.500
118.840
119.160
119.500
119.830
120.150
120.480
120.820
121.150
121.480
121.800
122.120
122.430
122.750
123.080
123.400
