0.420
1.080
1.740
2.440
3.150
3.830
4.520
5.240
5.920
6.630
7.280
7.960
8.630
9.320
10.020
10.750
11.410
12.060
12.660
13.300
13.890
14.510
15.140
15.840
16.500
17.160
17.820
18.480
19.100
19.730
20.370
21.040
21.690
22.340
22.990
23.670
24.320
24.990
25.650
26.330
26.990
27.670
28.350
29.060
29.740
30.460
31.170
31.860
32.480
33.090
33.690
34.380
35.050
35.710
36.390
37.060
37.710
38.350
38.990
39.640
40.350
41.020
41.700
42.380
43.050
43.680
44.290
44.920
45.580
46.240
46.920
47.580
48.240
48.910
49.590
50.280
50.950
51.610
52.270
52.930
53.630
54.300
54.970
55.600
56.290
56.960
57.590
58.200
58.850
59.450
60.070
60.690
61.300
61.940
62.540
63.150
63.730
64.340
64.930
65.530
66.140
66.750
67.340
67.950
68.550
69.150
69.740
70.320
70.920
71.550
72.140
72.750
73.360
73.950
74.570
75.200
75.810
76.470
77.100
77.720
78.330
78.990
79.610
80.250
80.890
81.510
82.180
82.830
83.480
84.140
84.750
85.430
86.090
86.730
87.360
88.040
88.680
89.320
89.940
90.580
91.210
91.850
92.510
93.130
93.790
94.430
95.040
95.650
96.280
96.900
97.520
98.130
98.740
99.360
99.980
100.600
101.240
101.870
102.510
103.130
103.770
104.350
104.990
105.570
106.180
106.790
107.390
107.980
108.580
109.200
109.800
110.400
110.990
111.600
112.210
112.810
113.400
114.010
114.610
115.210
115.800
116.410
117.000
117.600
118.210
118.820
119.440
120.070
120.690
121.330
121.940
122.600
123.220
123.850
124.490
125.150
125.830
126.480
127.110
127.810
128.460
129.120
129.760
130.380
131.030
131.720
132.330
132.990
133.670
134.320
134.960
135.580
136.210
136.850
137.510
138.160
138.790
139.410
140.070
140.670
141.270
141.880
142.510
143.130
143.740
144.340
144.910
145.510
146.110
146.760
147.450
148.070
148.740
149.400
150.010
150.640
151.290
151.890
152.520
153.130
153.760
154.370
154.980
155.590
156.180
156.800
157.410
158.010
158.630
159.230
159.830
160.470
161.060
161.680
162.290
162.930
163.550
164.160
164.780
165.410
166.050
166.690
167.320
167.950
168.590
169.190
169.820
170.450
171.100
171.730
172.360
172.970
173.600
174.260
174.890
175.510
176.150
176.760
177.390
178.010
178.640
179.250
179.850
180.430
181.050
181.640
182.240
182.840
183.450
184.050
184.640
185.230
185.840
186.430
187.020
187.640
188.250
188.850
189.450
190.030
190.640
191.230
191.840
192.440
193.040
193.630
194.210
194.810
195.410
196.020
196.620
197.210
197.810
198.400
199.000
199.600
200.210
200.820
201.400
202.000
202.600
203.190
203.790
204.370
204.970
205.570
206.150
206.750
207.350
207.940
208.530
209.120
209.710
210.300
210.890
211.490
212.120
212.760
213.380
214.000
214.620
215.210
215.850
216.480
217.090
217.710
218.300
218.910
219.510
220.120
220.700
221.290
221.870
222.450
223.040
223.620
224.190
224.790
225.380
225.970
226.560
227.150
227.740
228.320
228.910
229.500
230.090
230.670
231.270
231.850
232.430
233.020
233.610
234.210
234.820
235.420
236.040
236.630
237.210
237.810
238.410
239.020
239.630
240.230
240.820
241.430
242.020
242.620
243.200
243.800
244.400
244.980
