0.420
0.940
1.440
1.930
2.420
2.910
3.430
3.920
4.430
4.920
5.440
5.960
6.470
6.990
7.490
8.030
8.530
9.070
9.600
10.100
10.610
11.130
11.640
12.150
12.670
13.190
13.710
14.230
14.730
15.270
15.780
16.290
16.810
17.330
17.850
18.340
18.850
19.360
19.890
20.400
20.900
21.430
21.950
22.460
22.970
23.480
23.990
24.510
25.010
25.540
26.040
26.540
27.060
27.570
28.090
28.590
29.090
29.610
30.130
30.640
31.140
31.670
32.190
32.690
33.210
33.730
34.260
34.750
35.270
35.770
36.300
36.790
37.290
37.800
38.310
38.810
39.330
39.830
40.350
40.850
41.370
41.860
42.380
42.870
43.380
43.880
44.390
44.880
45.390
45.890
46.410
46.910
47.410
47.920
48.440
48.940
49.460
49.960
50.480
50.980
51.490
52.020
52.530
53.050
53.530
54.060
54.570
55.070
55.570
56.090
56.600
57.100
57.600
58.110
58.630
59.140
59.630
60.140
60.660
61.150
61.650
62.160
62.670
63.170
63.660
64.180
64.690
65.190
65.690
66.220
66.720
67.210
67.720
68.220
68.720
69.230
69.730
70.250
70.740
71.240
71.750
72.270
72.780
73.280
73.780
74.290
74.800
75.300
75.810
76.300
76.830
77.310
77.830
78.340
78.850
79.370
79.870
80.380
80.880
81.390
81.900
82.400
82.910
83.420
83.920
84.420
84.930
85.420
85.930
86.460
86.950
87.440
87.960
88.450
88.970
89.440
89.960
90.470
90.980
91.460
91.980
92.490
93.010
93.500
94.010
94.530
95.030
95.520
96.030
96.520
97.050
97.540
98.050
98.550
99.080
99.580
100.080
100.590
101.110
101.630
102.120
102.640
103.140
103.640
104.140
104.620
105.150
105.640
106.160
106.660
107.180
107.680
108.180
108.680
109.200
109.710
110.210
110.750
111.240
111.750
112.250
112.730
113.250
113.760
114.290
114.790
115.280
115.790
116.310
116.820
117.350
117.830
118.370
118.890
119.450
119.950
120.510
121.040
121.570
122.090
122.640
123.170
123.710
124.240
124.790
125.310
125.870
126.400
126.940
127.470
128.020
128.550
129.090
129.630
130.170
130.710
131.270
131.800
132.360
132.880
133.430
133.960
134.510
135.040
135.600
136.120
136.670
137.200
137.730
138.280
138.830
139.350
139.900
140.440
140.990
141.530
142.080
142.620
143.170
143.720
144.260
144.810
145.360
145.910
146.460
146.990
147.540
148.090
148.640
149.200
149.750
150.300
150.860
151.400
151.940
152.510
153.040
153.600
154.140
154.700
155.230
155.760
156.300
156.870
157.390
157.950
158.480
159.030
