0.380
1.440
2.350
3.210
4.160
5.070
5.950
6.990
8.040
9.000
10.070
11.080
12.100
13.080
14.050
14.960
15.930
16.840
17.810
18.720
19.580
20.530
21.500
22.440
23.420
24.340
25.300
26.260
27.180
28.110
29.040
29.840
30.690
31.530
32.170
32.730
33.300
33.850
34.440
35.000
35.550
36.090
36.670
37.100
37.520
37.940
38.380
38.810
39.240
39.670
40.090
40.510
40.930
41.360
41.780
42.210
42.640
43.060
43.490
43.910
44.350
44.770
45.190
45.620
46.040
46.460
46.890
47.300
47.730
48.150
48.560
48.990
49.390
49.830
50.250
50.680
51.100
51.520
51.940
52.360
52.790
53.210
53.630
54.050
54.470
54.880
55.300
55.720
56.140
56.550
56.980
57.390
57.810
58.240
58.660
59.080
59.500
59.920
60.350
60.770
61.190
61.620
62.040
62.460
62.890
63.310
63.730
64.150
64.570
64.990
65.410
65.830
66.240
66.680
67.100
67.530
67.950
68.380
68.800
69.230
69.650
70.060
70.490
70.900
71.320
71.740
72.170
72.590
73.010
73.420
73.840
74.260
74.680
75.100
75.510
75.940
76.360
76.780
77.190
77.630
78.040
78.460
78.880
79.290
79.710
80.130
80.560
80.960
81.370
81.790
82.210
82.610
83.030
83.440
83.860
84.290
84.700
85.130
85.550
85.950
86.390
86.800
87.210
87.640
88.050
88.470
88.890
89.310
89.730
90.150
90.560
90.970
91.380
91.810
92.220
92.620
93.030
93.450
93.850
94.260
94.680
95.100
95.520
95.940
96.360
96.760
97.180
97.580
97.990
98.410
98.810
99.210
99.620
100.040
100.440
100.870
101.270
101.700
102.110
102.530
102.950
103.380
103.800
104.220
104.630
105.050
105.460
105.860
106.270
106.690
107.100
107.520
107.920
108.320
108.740
109.150
109.570
109.960
110.390
110.790
111.180
111.570
111.980
112.380
112.780
113.200
113.600
114.020
114.440
114.830
115.250
115.670
116.080
116.490
116.890
117.310
117.730
118.140
118.550
118.980
119.390
119.810
120.230
120.660
121.070
121.490
121.920
122.330
122.760
123.190
123.610
124.030
124.450
124.860
125.280
125.710
126.130
126.540
126.970
127.380
127.800
128.220
128.630
129.050
129.470
129.880
130.300
130.710
131.120
131.530
131.930
132.330
132.740
133.150
133.560
133.970
134.380
134.790
135.200
135.620
136.030
136.450
136.860
137.280
137.690
138.120
138.520
138.950
139.370
139.780
140.200
140.620
141.030
141.440
141.860
142.280
142.700
143.110
143.530
143.950
144.360
144.780
145.210
145.610
146.020
146.440
146.860
147.260
147.680
148.090
148.500
148.910
149.320
149.730
150.140
150.540
150.960
151.370
151.780
152.170
152.580
152.990
153.400
153.810
154.220
154.630
155.040
155.450
155.860
156.270
156.690
157.110
157.510
157.920
158.330
158.740
159.150
