0.630
1.140
1.630
2.170
2.670
3.170
3.700
4.180
4.720
5.220
5.730
6.230
6.750
7.270
7.780
8.270
8.800
9.330
9.830
10.350
10.870
11.410
11.930
12.430
12.960
13.460
13.960
14.460
14.980
15.470
15.960
16.480
16.980
17.470
17.960
18.460
18.960
19.460
19.970
20.470
20.970
21.470
21.980
22.470
22.960
23.470
23.970
24.480
24.990
25.480
26.000
26.510
27.030
27.550
28.050
28.550
29.050
29.580
30.080
30.580
31.110
31.610
32.120
32.620
33.130
33.670
34.150
34.660
35.200
35.710
36.220
36.710
37.220
37.690
38.180
38.670
39.160
39.660
40.160
40.660
41.160
41.660
42.160
42.660
43.150
43.660
44.150
44.640
45.130
45.630
46.130
46.620
47.110
47.600
48.090
48.580
49.070
49.560
50.050
50.530
51.020
51.520
52.020
52.510
53.000
53.490
53.980
54.480
54.970
55.470
55.960
56.450
56.930
57.440
57.930
58.420
58.900
59.400
59.890
60.380
60.870
61.380
61.870
62.360
62.850
63.350
63.850
64.370
64.880
65.400
65.920
66.440
66.950
67.480
67.980
68.480
69.000
69.520
70.010
70.520
71.050
71.570
72.090
72.600
73.100
73.630
74.120
74.640
75.150
75.680
76.180
76.660
77.180
77.680
78.170
78.660
79.170
79.680
80.170
80.680
81.170
81.690
82.180
82.680
83.170
83.690
84.190
84.690
85.180
85.680
86.180
86.680
87.170
87.670
88.160
88.650
89.140
89.630
90.130
90.630
91.120
91.620
92.110
92.600
93.110
93.590
94.080
94.570
95.050
95.550
96.030
96.530
97.020
97.530
98.000
98.500
98.980
99.480
99.960
100.460
100.940
101.450
101.930
102.430
102.900
103.390
103.890
104.390
104.880
105.380
105.890
106.390
106.860
107.370
107.870
108.360
108.870
109.380
109.910
110.410
110.910
111.450
111.960
112.450
112.980
113.490
113.990
114.520
115.030
115.560
116.070
116.590
117.100
117.610
118.140
118.650
119.150
119.670
120.180
120.690
