1.110
1.600
2.090
2.550
3.020
3.480
3.930
4.370
4.830
5.270
5.700
6.140
6.580
7.000
7.430
7.860
8.290
8.710
9.130
9.570
10.000
10.430
10.870
11.320
11.760
12.180
12.630
13.060
13.520
13.960
14.390
14.830
15.250
15.690
16.120
16.560
17.000
17.440
17.870
18.320
18.760
19.180
19.620
20.060
20.520
20.950
21.390
21.810
22.230
22.640
23.050
23.500
23.950
24.390
24.840
25.290
25.730
26.180
26.640
27.090
27.550
28.000
28.450
28.900
29.340
29.790
30.230
30.690
31.140
31.570
32.010
32.460
32.910
33.350
33.780
34.230
34.670
35.110
35.550
36.010
36.460
36.910
37.340
37.800
38.230
38.670
39.100
39.560
39.980
40.440
40.860
41.320
41.750
42.190
42.630
43.070
43.520
43.960
44.400
44.840
45.280
45.710
46.140
46.590
47.030
47.470
47.920
48.380
48.830
49.270
49.720
50.170
50.640
51.090
51.540
51.990
52.440
52.890
53.340
53.790
54.230
54.680
55.120
55.580
56.020
56.460
56.900
57.340
57.780
58.220
58.660
59.110
59.550
60.000
60.440
60.880
61.320
61.750
62.190
62.640
63.080
63.520
63.970
64.410
64.860
65.290
65.740
66.180
66.620
67.070
67.500
67.960
68.400
68.860
69.310
69.760
70.190
70.640
71.090
71.550
72.000
72.440
72.900
73.350
73.810
74.250
74.690
75.150
75.600
76.060
76.500
76.950
77.390
77.830
78.270
78.710
79.170
79.610
80.060
80.510
80.960
81.410
81.850
82.310
82.750
83.190
83.630
84.070
84.510
84.940
85.380
85.820
86.270
86.720
87.160
87.630
88.090
88.540
89.000
89.470
89.920
90.390
90.850
91.310
91.770
92.230
92.690
93.140
93.610
94.060
94.530
94.980
95.420
95.860
96.320
96.760
97.220
97.660
98.110
98.570
99.040
99.500
99.960
100.400
100.870
101.300
101.760
102.200
102.650
103.120
103.560
104.000
104.460
104.920
105.350
105.810
106.270
106.720
107.170
107.620
108.060
108.510
108.950
109.410
109.870
110.320
110.770
111.250
111.700
112.160
112.620
113.080
113.550
114.010
114.470
114.930
115.380
115.830
116.290
116.770
117.230
117.690
118.150
118.610
119.070
119.510
119.980
120.430
120.890
121.350
121.810
122.260
122.720
123.170
123.620
124.070
124.520
124.970
125.430
125.860
126.330
126.760
127.220
127.680
128.130
128.560
129.030
129.480
129.930
130.380
130.830
131.280
131.710
132.160
132.610
133.060
133.520
133.970
134.430
134.890
135.350
135.800
136.260
136.730
137.190
137.640
138.100
138.570
139.040
139.500
139.960
140.430
140.910
141.360
141.820
142.280
142.750
143.220
143.680
144.130
144.570
145.030
145.480
145.930
146.380
146.810
147.270
147.720
148.180
148.630
149.080
149.530
149.970
150.410
150.840
151.300
151.740
152.180
152.640
153.080
153.540
153.970
154.430
154.880
155.320
155.780
