1.080
1.720
2.370
2.990
3.600
4.250
4.880
5.500
6.120
6.780
7.400
8.020
8.640
9.270
9.900
10.520
11.140
11.770
12.400
13.030
13.660
14.290
14.920
15.550
16.180
16.820
17.450
18.090
18.720
19.350
19.990
20.620
21.250
21.880
22.520
23.150
23.770
24.400
25.030
25.660
26.290
26.930
27.550
28.170
28.790
29.410
30.030
30.620
31.220
31.840
32.470
33.100
33.730
34.370
35.000
35.630
36.260
36.900
37.530
38.160
38.790
39.420
40.040
40.680
41.300
41.940
42.580
43.190
43.840
44.490
45.120
45.750
46.390
47.020
47.650
48.260
48.890
49.520
50.170
50.790
51.410
52.050
52.680
53.320
53.960
54.590
55.240
55.870
56.510
57.140
57.780
58.410
59.050
59.680
60.320
60.950
61.590
62.220
62.860
63.490
64.120
64.750
65.390
66.010
66.640
67.260
67.900
68.530
69.140
69.770
70.390
70.980
71.600
72.220
72.850
73.480
74.120
74.740
75.380
76.010
76.650
77.280
77.920
78.540
79.180
79.810
80.450
81.080
81.710
82.350
82.990
83.610
84.250
84.880
85.510
86.160
86.790
87.420
88.050
88.670
89.300
89.940
90.600
91.230
91.870
92.520
93.150
93.790
94.420
95.040
95.670
96.300
96.930
97.550
98.180
98.820
99.450
100.090
100.710
101.380
102.030
102.660
103.310
103.960
104.600
105.250
105.880
106.540
107.180
107.820
108.450
109.090
109.740
110.370
111.000
111.600
112.210
112.840
113.470
114.100
114.750
115.370
116.000
116.630
117.270
117.890
118.520
119.150
119.790
120.410
121.060
121.680
122.310
122.940
123.590
124.210
124.860
125.500
126.130
126.770
127.410
128.050
128.690
129.320
129.920
130.570
131.200
131.820
132.460
133.080
133.720
