0.950
1.420
1.880
2.340
2.820
3.300
3.770
4.230
4.700
5.170
5.650
6.120
6.590
7.060
7.540
8.000
8.480
8.940
9.410
9.860
10.340
10.810
11.260
11.720
12.180
12.650
13.120
13.570
14.020
14.480
14.960
15.420
15.890
16.350
16.820
17.300
17.770
18.240
18.700
19.180
19.650
20.120
20.570
21.050
21.520
21.980
22.460
22.930
23.390
23.870
24.330
24.800
25.270
25.730
26.210
26.690
27.160
27.620
28.100
28.560
29.040
29.500
29.980
30.440
30.920
31.380
31.840
32.330
32.800
33.270
33.740
34.220
34.690
35.160
35.620
36.100
36.560
37.030
37.500
37.980
38.460
38.910
39.390
39.870
40.350
40.820
41.300
41.770
42.250
42.720
43.180
43.660
44.130
44.600
45.080
45.540
46.020
46.490
46.970
47.430
47.910
48.380
48.860
49.330
49.800
50.260
50.740
51.200
51.660
52.140
52.620
53.080
53.560
54.030
54.490
54.960
55.430
55.900
56.380
56.850
57.320
57.790
58.250
58.720
59.180
59.660
60.130
60.590
61.070
61.550
62.010
62.480
62.960
63.440
63.920
64.400
64.870
65.320
65.790
66.280
66.740
67.220
67.690
68.160
68.640
69.120
69.590
70.080
70.540
71.020
71.490
71.960
72.420
72.910
73.360
73.850
74.310
74.800
75.290
75.770
76.240
76.710
77.210
77.670
78.160
78.630
79.100
79.570
80.040
80.520
80.990
81.470
81.930
82.410
82.880
83.350
83.820
84.290
84.770
85.240
85.720
86.190
86.670
87.170
87.650
88.120
88.600
89.080
89.550
90.020
90.490
90.970
91.450
91.900
92.380
92.860
93.320
93.800
94.260
94.760
95.240
95.720
96.180
96.660
97.150
97.620
98.100
98.590
99.060
99.560
100.040
100.520
100.990
101.460
101.940
102.440
102.920
103.400
103.870
104.350
104.820
105.300
105.780
106.280
106.730
107.210
107.690
108.160
108.620
109.080
109.550
110.030
110.520
110.990
111.470
111.950
112.450
112.910
113.380
113.850
114.330
114.800
115.270
115.750
116.230
116.710
117.190
117.660
118.140
118.630
119.090
119.580
120.060
120.550
121.010
121.490
121.970
122.470
122.950
123.430
123.900
124.380
124.850
125.330
125.810
126.310
126.770
127.260
127.750
128.210
128.700
129.190
129.650
130.130
130.620
131.110
131.580
132.070
132.540
133.030
133.510
133.980
134.460
134.960
135.450
135.910
136.400
136.890
137.370
137.850
138.320
138.810
139.280
139.760
140.240
140.730
141.200
141.680
142.170
142.650
143.130
143.610
144.080
144.570
145.050
145.520
146.000
146.480
146.960
147.430
147.920
148.390
148.870
149.350
149.830
150.310
150.790
151.260
151.730
152.210
152.680
153.140
153.630
154.100
154.570
155.040
155.500
156.000
156.480
156.940
157.420
157.920
158.400
158.870
159.340
159.840
160.320
160.800
161.270
161.760
162.240
162.710
163.180
163.680
164.160
164.640
165.110
165.600
166.080
166.560
167.030
167.510
167.990
168.470
168.950
169.420
169.900
170.370
170.830
171.310
171.810
172.290
172.760
173.250
173.710
174.210
174.670
175.170
