0.080
0.380
0.680
0.980
1.280
1.580
1.880
2.180
2.480
2.780
3.080
3.370
3.670
3.970
4.270
4.570
4.880
5.180
5.480
5.780
6.090
6.390
6.700
7.000
7.300
7.610
7.900
8.200
8.500
8.810
9.110
9.410
9.710
10.010
10.310
10.610
10.900
11.200
11.500
11.800
12.110
12.410
12.710
13.000
13.310
13.610
13.910
14.210
14.500
14.810
15.110
15.410
15.710
16.010
16.310
16.620
16.920
17.220
17.520
17.820
18.130
18.420
18.730
19.030
19.330
19.630
19.930
20.230
20.530
20.820
21.120
21.420
21.730
22.030
22.330
22.630
22.920
23.220
23.530
23.830
24.140
24.440
24.740
25.040
25.350
25.650
25.950
26.250
26.550
26.850
27.150
27.450
27.750
28.040
28.350
28.640
28.950
29.240
29.540
29.840
30.140
