0.150
0.440
0.740
1.030
1.330
1.640
1.930
2.220
2.510
2.800
3.100
3.410
3.690
3.990
4.280
4.570
4.870
5.170
5.480
5.780
6.080
6.360
6.660
6.950
7.250
7.550
7.850
8.130
8.430
8.720
9.010
9.310
9.600
9.890
10.180
10.470
10.760
11.050
11.360
11.660
11.960
12.260
12.560
12.860
13.150
13.450
13.730
14.030
14.310
14.600
14.910
15.210
15.500
15.800
16.100
16.390
16.690
16.970
17.270
17.560
17.850
18.140
18.440
18.730
19.030
19.330
19.630
19.930
20.220
20.510
20.810
21.100
21.400
21.700
22.000
22.290
22.590
22.890
23.170
23.460
23.750
24.050
24.350
24.650
24.950
25.240
25.540
25.840
26.140
26.430
26.720
27.010
27.310
27.600
27.890
28.190
28.490
28.780
29.080
29.370
29.670
29.960
30.250
