0.080
0.380
0.690
0.980
1.280
1.570
1.850
2.150
2.440
2.730
3.020
3.300
3.590
3.880
4.170
4.460
4.750
5.040
5.340
5.620
5.910
6.200
6.500
6.780
7.080
7.370
7.660
7.950
8.230
8.530
8.810
9.100
9.390
9.680
9.980
10.270
10.560
10.850
11.140
11.430
11.720
12.010
12.290
12.580
12.880
13.170
13.450
13.740
14.030
14.320
14.610
14.880
15.170
15.440
15.730
16.000
16.290
16.590
16.880
17.170
17.460
17.750
18.040
18.330
18.620
18.910
19.200
19.490
19.780
20.060
20.360
20.650
20.940
21.210
21.510
21.800
22.090
22.370
22.660
22.950
23.240
23.530
23.830
24.110
24.410
24.690
24.980
25.280
25.570
25.850
26.140
26.430
26.720
27.010
27.290
27.570
27.850
28.150
28.440
28.730
29.010
29.300
29.590
29.880
30.180
