0.070
0.410
0.740
1.090
1.420
1.770
2.110
2.440
2.780
3.120
3.460
3.790
4.140
4.470
4.810
5.150
5.490
5.830
6.180
6.510
6.850
7.190
7.530
7.870
8.210
8.540
8.880
9.230
9.560
9.900
10.240
10.580
10.920
11.260
11.600
11.930
12.280
12.610
12.950
13.290
13.630
13.970
14.310
14.650
14.990
15.320
15.660
16.000
16.350
16.680
17.020
17.360
17.700
18.040
18.380
18.720
19.060
19.400
19.740
20.080
20.410
20.750
21.090
21.430
21.760
22.110
22.450
22.790
23.120
23.460
23.800
24.140
24.480
24.820
25.150
25.500
25.840
26.170
26.510
26.850
27.190
27.530
27.880
28.210
28.550
28.880
29.220
29.560
29.900
