0.460
0.750
1.040
1.340
1.630
1.910
2.200
2.490
2.790
3.080
3.370
3.650
3.940
4.230
4.520
4.810
5.100
5.400
5.700
5.990
6.290
6.580
6.860
7.150
7.440
7.730
8.020
8.310
8.610
8.910
9.200
9.510
9.810
10.110
10.410
10.710
11.010
11.300
11.600
11.910
12.200
12.500
12.800
13.100
13.390
13.680
13.960
14.250
14.540
14.830
15.130
15.420
15.710
15.990
16.280
16.580
16.880
17.170
17.470
17.760
18.060
18.340
18.630
18.930
19.230
19.530
19.830
20.120
20.410
20.700
20.990
21.280
21.570
21.870
22.160
22.450
22.740
23.040
23.340
23.640
23.940
24.230
24.530
24.830
25.130
25.420
25.710
26.010
26.300
26.590
26.880
27.170
27.460
27.760
28.060
28.360
28.650
28.950
29.250
29.540
29.830
30.120
30.420
30.710
31.000
