0.060
0.410
0.760
1.100
1.450
1.800
2.140
2.490
2.820
3.170
3.500
3.840
4.200
4.550
4.890
5.230
5.580
5.920
6.270
6.610
6.950
7.300
7.630
7.990
8.330
8.680
9.020
9.360
9.690
10.030
10.370
10.710
11.060
11.400
11.740
12.090
12.420
12.760
13.090
13.420
13.760
14.100
14.440
14.770
15.100
15.440
15.770
16.110
16.420
16.760
17.080
17.420
17.740
18.070
18.410
18.760
19.090
19.450
19.790
20.120
20.460
20.800
21.150
21.490
21.840
22.190
22.540
22.880
23.230
23.580
23.930
24.280
24.620
24.980
25.330
25.680
26.030
26.360
26.690
27.050
27.380
27.710
28.070
28.410
28.740
29.080
29.420
29.790
30.120
