0.050
0.400
0.740
1.080
1.440
1.770
2.110
2.450
2.800
3.150
3.500
3.830
4.180
4.520
4.860
5.210
5.560
5.900
6.250
6.590
6.930
7.270
7.620
7.970
8.330
8.670
9.020
9.380
9.710
10.050
10.400
10.750
11.090
11.440
11.780
12.130
12.460
12.810
13.150
13.500
13.840
14.180
14.520
14.880
15.220
15.580
15.940
16.290
16.630
16.980
17.320
17.670
18.030
18.370
18.730
19.070
19.400
19.760
20.100
20.430
20.780
21.110
21.460
21.810
22.150
22.490
22.840
23.180
23.510
23.870
24.210
24.560
24.910
25.260
25.620
25.950
26.300
26.670
26.990
27.330
27.690
28.030
28.370
28.690
29.060
29.400
29.740
30.090
