0.000
0.360
0.700
1.030
1.350
1.680
2.010
2.340
2.660
2.990
3.300
3.630
3.960
4.290
4.630
4.970
5.300
5.640
5.990
6.310
6.650
7.000
7.330
7.660
8.000
8.310
8.650
8.990
9.330
9.650
9.990
10.320
10.650
10.990
11.320
11.650
11.990
12.320
12.650
12.990
13.320
13.650
13.990
14.330
14.670
15.010
15.340
15.670
16.010
16.340
16.680
17.010
17.340
17.670
18.010
18.340
18.670
18.990
19.320
19.660
20.000
20.320
20.650
20.990
21.320
21.650
21.990
22.320
22.650
22.990
23.320
23.660
23.990
24.320
24.660
25.000
25.330
25.660
25.990
26.310
26.650
26.980
27.310
27.650
27.980
28.310
28.650
28.980
29.310
29.660
30.000
