0.190
0.540
0.890
1.250
1.590
1.940
2.270
2.620
2.960
3.290
3.630
3.970
4.310
4.650
4.990
5.320
5.660
5.990
6.320
6.660
6.980
7.310
7.640
7.980
8.300
8.630
8.960
9.310
9.640
9.970
10.310
10.640
10.960
11.300
11.630
11.950
12.280
12.610
12.940
13.290
13.620
13.960
14.300
14.640
14.990
15.320
15.660
16.000
16.330
16.660
17.000
17.320
17.670
18.000
18.320
18.670
18.990
19.350
19.670
20.010
20.320
20.670
21.000
21.350
21.680
22.010
22.350
22.670
23.000
23.320
23.670
24.010
24.350
24.680
25.000
25.340
25.680
26.010
26.350
26.680
27.010
27.350
27.680
28.010
28.340
28.680
29.020
29.350
29.680
30.020
