0.180
0.490
0.780
1.080
1.370
1.670
1.960
2.250
2.530
2.830
3.130
3.430
3.720
4.020
4.310
4.600
4.890
5.190
5.480
5.770
6.060
6.350
6.630
6.930
7.220
7.500
7.790
8.080
8.370
8.660
8.940
9.230
9.510
9.780
10.070
10.350
10.640
10.930
11.220
11.510
11.790
12.080
12.370
12.670
12.960
13.240
13.540
13.830
14.120
14.410
14.700
14.990
15.280
15.570
15.860
16.150
16.440
16.730
17.020
17.310
17.600
17.890
18.160
18.450
18.730
19.030
19.320
19.610
19.900
20.180
20.450
20.730
21.020
21.320
21.610
21.890
22.180
22.470
22.770
23.050
23.340
23.620
23.910
24.200
24.490
24.780
25.060
25.350
25.650
25.940
26.230
26.520
26.800
27.090
27.380
27.680
27.960
28.240
28.520
28.800
29.080
29.360
29.650
29.930
30.210
