0.050
0.400
0.750
1.090
1.430
1.770
2.100
2.430
2.770
3.100
3.440
3.770
4.100
4.430
4.750
5.080
5.410
5.750
6.080
6.420
6.760
7.090
7.420
7.750
8.090
8.420
8.760
9.090
9.420
9.750
10.070
10.410
10.760
11.080
11.410
11.740
12.070
12.410
12.740
13.070
13.400
13.740
14.070
14.400
14.730
15.050
15.390
15.720
16.050
16.390
16.720
17.060
17.380
17.710
18.050
18.380
18.720
19.040
19.380
19.710
20.040
20.370
20.700
21.020
21.360
21.700
22.040
22.370
22.710
23.060
23.390
23.730
24.080
24.410
24.760
25.080
25.430
25.750
26.100
26.430
26.750
27.070
27.400
27.740
28.070
28.420
28.760
29.080
29.410
29.750
30.080
30.390
