0.060
0.400
0.720
1.040
1.370
1.710
2.040
2.370
2.710
3.030
3.360
3.680
4.030
4.360
4.680
5.020
5.350
5.670
6.020
6.350
6.670
7.000
7.330
7.650
8.000
8.340
8.670
9.000
9.320
9.670
10.010
10.350
10.690
11.010
11.350
11.680
12.020
12.350
12.690
13.030
13.360
13.690
14.040
14.370
14.690
15.030
15.360
15.700
16.040
16.370
16.700
17.040
17.370
17.700
18.040
18.380
18.710
19.040
19.360
19.710
20.050
20.380
20.710
21.050
21.380
21.710
22.050
22.380
22.720
23.060
23.380
23.710
24.050
24.380
24.710
25.050
25.380
25.710
26.050
26.380
26.720
27.060
27.380
27.710
28.050
28.390
28.720
29.060
29.390
29.730
30.080
30.410
