0.020
0.340
0.660
0.990
1.330
1.660
2.000
2.350
2.680
3.020
3.360
3.710
4.040
4.380
4.720
5.060
5.400
5.740
6.080
6.420
6.770
7.100
7.440
7.790
8.120
8.470
8.810
9.130
9.480
9.810
10.150
10.490
10.830
11.160
11.500
11.840
12.180
12.510
12.850
13.190
13.530
13.870
14.210
14.550
14.900
15.240
15.580
15.920
16.250
16.590
16.930
17.270
17.600
17.940
18.290
18.620
18.960
19.300
19.640
19.980
20.320
20.670
21.000
21.340
21.680
22.010
22.350
22.680
23.010
23.360
23.700
24.040
24.380
24.710
25.050
25.390
25.740
26.080
26.420
26.760
27.100
27.430
27.770
28.110
28.450
28.780
29.120
29.470
29.810
30.140
30.480
