0.080
0.380
0.680
0.970
1.270
1.570
1.870
2.160
2.460
2.750
3.050
3.360
3.670
3.980
4.290
4.590
4.900
5.200
5.500
5.790
6.080
6.370
6.660
6.950
7.240
7.540
7.820
8.120
8.410
8.700
8.990
9.280
9.570
9.860
10.160
10.450
10.750
11.030
11.330
11.610
11.900
12.190
12.480
12.770
13.060
13.360
13.660
13.950
14.240
14.530
14.820
15.110
15.400
15.690
15.980
16.280
16.570
16.860
17.150
17.450
17.740
18.030
18.320
18.610
18.890
19.180
19.470
19.770
20.060
20.350
20.650
20.950
21.240
21.530
21.830
22.110
22.400
22.690
22.980
23.270
23.580
23.870
24.170
24.470
24.760
25.060
25.350
25.630
25.930
26.220
26.520
26.810
27.110
27.400
27.690
27.980
28.270
28.560
28.850
29.140
29.430
29.730
30.020
30.300
30.590
