0.070
0.380
0.680
0.990
1.300
1.620
1.930
2.260
2.580
2.900
3.200
3.520
3.820
4.130
4.450
4.750
5.060
5.360
5.650
5.950
6.260
6.560
6.850
7.150
7.460
7.740
8.040
8.330
8.620
8.910
9.190
9.480
9.780
10.060
10.360
10.640
10.940
11.220
11.520
11.810
12.100
12.380
12.680
12.970
13.260
13.550
13.840
14.130
14.420
14.710
15.000
15.290
15.580
15.870
16.150
16.450
16.730
17.020
17.320
17.600
17.900
18.180
18.460
18.750
19.040
19.330
19.610
19.900
20.190
20.480
20.770
21.080
21.400
21.700
22.010
22.330
22.620
22.930
23.230
23.530
23.830
24.120
24.430
24.720
25.010
25.310
25.590
25.890
26.180
26.470
26.760
27.060
27.350
27.640
27.930
28.220
28.520
28.810
29.100
29.390
29.670
29.970
