0.100
0.420
0.730
1.040
1.350
1.650
1.960
2.260
2.560
2.860
3.160
3.460
3.760
4.060
4.360
4.660
4.960
5.250
5.550
5.850
6.140
6.440
6.720
7.020
7.310
7.600
7.890
8.170
8.460
8.750
9.050
9.340
9.620
9.920
10.210
10.500
10.790
11.080
11.370
11.650
11.940
12.230
12.520
12.820
13.120
13.420
13.720
14.020
14.320
14.620
14.900
15.190
15.480
15.780
16.070
16.360
16.650
16.940
17.230
17.530
17.820
18.120
18.420
18.720
19.010
19.310
19.590
19.880
20.170
20.470
20.750
21.040
21.330
21.630
21.920
22.200
22.490
22.800
23.090
23.400
23.690
23.990
24.300
24.600
24.890
25.190
25.480
25.770
26.070
26.360
26.650
26.940
27.240
27.540
27.830
28.130
28.430
28.720
29.010
29.300
29.600
29.880
