0.360
0.720
1.080
1.410
1.760
2.090
2.420
2.760
3.110
3.450
3.820
4.160
4.500
4.860
5.210
5.570
5.900
6.240
6.580
6.920
7.270
7.610
7.960
8.300
8.640
8.990
9.350
9.700
10.040
10.380
10.720
11.060
11.410
11.750
12.090
12.440
12.780
13.120
13.460
13.820
14.160
14.510
14.850
15.200
15.550
15.890
16.230
16.580
16.930
17.270
17.610
17.950
18.290
18.650
19.010
19.340
19.690
20.040
20.380
20.730
21.060
21.410
21.750
22.110
22.450
22.790
23.140
23.480
23.820
24.150
24.500
24.840
25.200
25.540
25.890
26.230
26.570
26.910
27.260
27.600
27.950
28.300
28.640
28.980
29.340
29.680
30.030
