0.000
0.300
0.590
0.900
1.190
1.490
1.790
2.090
2.390
2.690
2.980
3.270
3.560
3.870
4.170
4.460
4.760
5.060
5.340
5.640
5.940
6.240
6.530
6.840
7.120
7.420
7.710
8.000
8.290
8.590
8.890
9.190
9.490
9.780
10.070
10.370
10.660
10.950
11.250
11.550
11.850
12.140
12.440
12.740
13.040
13.330
13.620
13.910
14.210
14.510
14.810
15.110
15.400
15.700
16.000
16.310
16.600
16.900
17.190
17.490
17.780
18.070
18.370
18.670
18.970
19.260
19.560
19.860
20.150
20.450
20.740
21.030
21.320
21.620
21.920
22.220
22.510
22.810
23.110
23.400
23.690
23.990
24.280
24.580
24.880
25.180
25.480
25.770
26.070
26.370
26.660
26.960
27.250
27.540
27.830
28.130
28.430
28.730
29.020
29.320
29.630
29.930
