0.190
0.470
0.770
1.060
1.350
1.650
1.950
2.240
2.540
2.820
3.110
3.400
3.700
3.990
4.280
4.560
4.850
5.150
5.440
5.730
6.030
6.320
6.620
6.920
7.210
7.500
7.790
8.090
8.390
8.690
8.990
9.290
9.590
9.890
10.190
10.490
10.790
11.080
11.380
11.670
11.960
12.250
12.540
12.830
13.120
13.410
13.690
13.980
14.270
14.560
14.850
15.140
15.430
15.720
16.010
16.300
16.600
16.890
17.190
17.490
17.780
18.080
18.380
18.680
18.990
19.280
19.570
19.870
20.160
20.450
20.760
21.060
21.350
21.650
21.950
22.250
22.550
22.830
23.130
23.410
23.710
24.010
24.300
24.600
24.890
25.180
25.470
25.760
26.050
26.340
26.630
26.920
27.210
27.500
27.790
28.080
28.380
28.670
28.960
29.250
