0.310
0.660
1.000
1.340
1.690
2.040
2.380
2.720
3.070
3.410
3.760
4.110
4.450
4.800
5.140
5.480
5.830
6.170
6.520
6.860
7.210
7.550
7.900
8.240
8.590
8.940
9.280
9.630
9.970
10.320
10.660
11.000
11.350
11.690
12.030
12.380
12.730
13.070
13.410
13.750
14.100
14.450
14.800
15.140
15.480
15.830
16.160
16.520
16.860
17.210
17.560
17.900
18.260
18.600
18.940
19.280
19.630
19.960
20.310
20.660
21.000
21.350
21.700
22.030
22.370
22.730
23.070
23.420
23.760
24.120
24.460
24.810
25.160
25.500
25.850
26.190
26.530
26.870
27.220
27.570
27.920
28.260
28.600
28.950
29.300
29.630
29.980
