0.130
0.440
0.770
1.110
1.450
1.770
2.110
2.430
2.750
3.090
3.410
3.740
4.070
4.410
4.740
5.080
5.410
5.750
6.070
6.400
6.730
7.060
7.400
7.740
8.060
8.390
8.720
9.060
9.390
9.720
10.040
10.390
10.720
11.070
11.400
11.750
12.090
12.430
12.760
13.090
13.410
13.740
14.080
14.410
14.750
15.090
15.420
15.750
16.090
16.440
16.780
17.110
17.440
17.770
18.100
18.440
18.780
19.120
19.460
19.800
20.140
20.490
20.830
21.160
21.500
21.840
22.180
22.520
22.860
23.190
23.530
23.870
24.210
24.540
24.880
25.210
25.540
25.880
26.210
26.550
26.890
27.220
27.560
27.900
28.230
28.570
28.910
29.230
29.570
29.890
30.220
