0.250
0.600
0.950
1.310
1.650
1.990
2.320
2.620
2.930
3.220
3.520
3.820
4.120
4.420
4.730
5.020
5.320
5.630
5.930
6.220
6.520
6.830
7.120
7.430
7.730
8.020
8.320
8.620
8.930
9.220
9.530
9.830
10.130
10.430
10.730
11.030
11.330
11.630
11.930
12.230
12.530
12.830
13.130
13.430
13.730
14.030
14.320
14.620
14.930
15.230
15.540
15.830
16.130
16.440
16.730
17.040
17.340
17.630
17.930
18.230
18.530
18.840
19.140
19.440
19.740
20.030
20.340
20.630
20.930
21.240
21.550
21.840
22.150
22.440
22.740
23.040
23.340
23.640
23.950
24.240
24.540
24.840
25.140
25.440
25.740
26.040
26.340
26.640
26.950
27.250
27.550
27.840
28.140
28.440
28.740
29.040
29.340
29.640
29.940
30.240
