0.040
0.380
0.710
1.050
1.390
1.730
2.060
2.390
2.720
3.050
3.370
3.690
4.020
4.360
4.700
5.020
5.350
5.690
6.020
6.360
6.700
7.020
7.350
7.690
8.030
8.370
8.700
9.030
9.370
9.700
10.030
10.370
10.710
11.030
11.370
11.700
12.030
12.360
12.700
13.030
13.360
13.690
14.020
14.360
14.700
15.020
15.360
15.700
16.020
16.370
16.700
17.030
17.370
17.700
18.030
18.370
18.700
19.030
19.370
19.710
20.040
20.390
20.730
21.050
21.380
21.720
22.040
22.370
22.710
23.040
23.370
23.700
24.050
24.390
24.720
25.050
25.380
25.720
26.040
26.390
26.720
27.030
27.360
27.690
28.020
28.350
28.690
29.020
29.350
29.700
30.050
30.370
