0.290
0.620
0.960
1.290
1.620
1.960
2.290
2.620
2.970
3.300
3.630
3.960
4.290
4.620
4.950
5.290
5.620
5.960
6.300
6.630
6.970
7.300
7.630
7.960
8.300
8.620
8.960
9.300
9.630
9.970
10.300
10.640
10.970
11.300
11.630
11.970
12.300
12.630
12.970
13.300
13.620
13.960
14.300
14.630
14.970
15.300
15.630
15.970
16.290
16.630
16.970
17.290
17.640
17.980
18.300
18.630
18.970
19.300
19.630
19.970
20.300
20.630
20.960
21.300
21.630
21.980
22.310
22.640
22.970
23.300
23.630
23.970
24.290
24.630
24.970
25.300
25.630
25.970
26.300
26.630
26.970
27.300
27.630
27.970
28.300
28.630
28.970
29.300
29.630
29.960
