0.190
0.520
0.860
1.200
1.540
1.870
2.220
2.560
2.890
3.230
3.570
3.910
4.250
4.600
4.930
5.270
5.610
5.940
6.280
6.630
6.960
7.310
7.650
7.980
8.320
8.660
8.990
9.330
9.680
10.010
10.350
10.690
11.030
11.370
11.710
12.040
12.380
12.720
13.060
13.400
13.750
14.080
14.420
14.760
15.100
15.440
15.780
16.120
16.450
16.790
17.130
17.470
17.810
18.150
18.490
18.830
19.170
19.510
19.850
20.180
20.530
20.870
21.210
21.550
21.880
22.220
22.560
22.900
23.240
23.580
23.920
24.250
24.590
24.930
25.270
25.610
25.950
26.290
26.640
26.980
27.320
27.660
28.000
28.330
28.660
29.000
29.340
29.670
30.000
30.340
30.670
