0.460
0.830
1.180
1.540
1.880
2.250
2.610
2.960
3.310
3.680
4.040
4.390
4.740
5.110
5.470
5.830
6.170
6.540
6.900
7.250
7.600
7.960
8.320
8.680
9.020
9.390
9.760
10.110
10.450
10.810
11.180
11.540
11.880
12.250
12.610
12.970
13.310
13.670
14.030
14.390
14.740
15.100
15.460
15.820
16.170
16.540
16.890
17.240
17.600
17.980
18.340
18.690
19.030
19.390
19.740
20.100
20.460
20.820
21.180
21.540
21.880
22.240
22.610
22.970
23.320
23.680
24.050
24.400
24.740
25.100
25.460
25.810
26.170
26.530
26.880
27.250
27.600
27.950
28.320
28.680
29.040
29.390
29.750
