0.050
0.410
0.790
1.140
1.480
1.820
2.180
2.510
2.830
3.160
3.490
3.830
4.160
4.500
4.840
5.180
5.530
5.860
6.200
6.530
6.870
7.210
7.540
7.880
8.220
8.550
8.880
9.210
9.540
9.880
10.230
10.560
10.900
11.230
11.560
11.900
12.230
12.570
12.900
13.250
13.570
13.910
14.240
14.580
14.910
15.250
15.580
15.920
16.250
16.580
16.920
17.250
17.570
17.900
18.230
18.560
18.890
19.240
19.560
19.900
20.230
20.560
20.900
21.220
21.560
21.890
22.230
22.550
22.890
23.230
23.550
23.890
24.230
24.560
24.890
25.220
25.550
25.880
26.220
26.550
26.880
27.220
27.550
27.880
28.210
28.540
28.860
29.180
29.520
29.840
30.170
