0.020
0.400
0.780
1.140
1.510
1.890
2.260
2.650
3.010
3.410
3.780
4.160
4.520
4.910
5.280
5.640
6.010
6.390
6.780
7.150
7.530
7.900
8.280
8.660
9.030
9.400
9.790
10.160
10.540
10.920
11.290
11.640
12.010
12.410
12.790
13.160
13.540
13.910
14.290
14.660
15.030
15.410
15.780
16.160
16.530
16.900
17.280
17.660
18.040
18.410
18.780
19.160
19.540
19.920
20.310
20.670
21.050
21.420
21.790
22.170
22.540
22.920
23.290
23.660
24.040
24.420
24.800
25.170
25.550
25.920
26.290
26.670
27.050
27.420
27.800
28.170
28.550
28.930
29.310
29.670
30.030
30.420
