0.070
0.430
0.780
1.130
1.480
1.830
2.170
2.530
2.870
3.210
3.540
3.890
4.230
4.560
4.910
5.260
5.600
5.950
6.290
6.650
6.980
7.320
7.650
8.010
8.340
8.690
9.040
9.370
9.720
10.080
10.430
10.790
11.120
11.470
11.830
12.170
12.520
12.850
13.200
13.550
13.900
14.240
14.570
14.910
15.250
15.600
15.950
16.300
16.640
16.990
17.320
17.660
18.020
18.350
18.710
19.050
19.400
19.740
20.070
20.420
20.770
21.130
21.490
21.830
22.180
22.520
22.860
23.180
23.520
23.870
24.220
24.570
24.920
25.270
25.630
25.960
26.320
26.670
27.010
27.360
27.700
28.040
28.390
28.740
29.090
29.440
29.780
30.140
