0.070
0.460
0.850
1.240
1.620
2.000
2.380
2.760
3.140
3.520
3.900
4.290
4.660
5.040
5.410
5.790
6.170
6.540
6.920
7.290
7.660
8.040
8.410
8.790
9.170
9.540
9.920
10.300
10.670
11.050
11.420
11.800
12.170
12.540
12.910
13.280
13.650
14.030
14.400
14.780
15.140
15.530
15.900
16.280
16.650
17.030
17.390
17.770
18.150
18.520
18.890
19.270
19.640
20.020
20.380
20.760
21.130
21.510
21.890
22.280
22.660
23.040
23.410
23.790
24.170
24.540
24.910
25.280
25.660
26.030
26.400
26.770
27.150
27.530
27.900
28.280
28.660
29.030
29.410
29.780
