0.030
0.400
0.770
1.130
1.490
1.840
2.210
2.570
2.940
3.300
3.670
4.030
4.400
4.750
5.110
5.460
5.790
6.140
6.500
6.850
7.210
7.560
7.920
8.280
8.630
8.990
9.350
9.700
10.060
10.410
10.760
11.120
11.460
11.810
12.160
12.510
12.860
13.220
13.580
13.940
14.290
14.640
15.000
15.360
15.710
16.070
16.420
16.770
17.110
17.470
17.820
18.170
18.520
18.870
19.220
19.570
19.930
20.280
20.640
20.980
21.340
21.690
22.040
22.380
22.730
23.090
23.440
23.800
24.150
24.500
24.860
25.210
25.550
25.900
26.260
26.610
26.970
27.320
27.660
28.020
28.360
28.710
29.060
29.420
29.770
30.130
30.510
