0.130
0.410
0.700
1.000
1.290
1.580
1.870
2.170
2.470
2.760
3.050
3.350
3.640
3.930
4.230
4.520
4.820
5.130
5.430
5.730
6.020
6.320
6.630
6.920
7.220
7.520
7.820
8.110
8.400
8.710
9.000
9.300
9.610
9.900
10.210
10.500
10.800
11.100
11.390
11.680
11.980
12.280
12.580
12.870
13.170
13.470
13.770
14.050
14.350
14.650
14.950
15.250
15.540
15.840
16.150
16.440
16.730
17.030
17.320
17.620
17.930
18.220
18.520
18.800
19.100
19.380
19.680
19.970
20.260
20.550
20.840
21.140
21.430
21.730
22.030
22.310
22.600
22.890
23.190
23.480
23.780
24.080
24.380
24.680
24.980
25.280
25.570
25.870
26.170
26.460
26.760
27.050
27.340
27.630
27.920
28.210
28.500
28.790
29.090
29.390
29.690
29.980
30.280
