0.020
0.320
0.620
0.910
1.220
1.510
1.810
2.110
2.410
2.710
3.020
3.310
3.620
3.910
4.210
4.510
4.820
5.120
5.420
5.710
6.020
6.320
6.620
6.920
7.230
7.520
7.830
8.120
8.430
8.720
9.020
9.320
9.630
9.920
10.230
10.520
10.820
11.120
11.430
11.730
12.030
12.320
12.630
12.920
13.220
13.520
13.820
14.120
14.430
14.730
15.030
15.320
15.630
15.920
16.220
16.520
16.830
17.120
17.430
17.720
18.030
18.320
18.620
18.910
19.220
19.520
19.820
20.120
20.420
20.710
21.020
21.310
21.620
21.920
22.220
22.520
22.810
23.110
23.420
23.720
24.020
24.320
24.620
24.920
25.220
25.510
25.820
26.110
26.420
26.710
27.010
27.310
27.610
27.910
28.210
28.510
28.820
29.120
29.420
29.720
30.010
30.320
