0.180
0.550
0.890
1.230
1.590
1.950
2.280
2.630
3.000
3.350
3.700
4.030
4.380
4.740
5.110
5.470
5.830
6.180
6.520
6.890
7.260
7.620
7.970
8.340
8.710
9.070
9.440
9.790
10.160
10.520
10.870
11.230
11.590
11.970
12.320
12.680
13.050
13.400
13.760
14.130
14.490
14.860
15.220
15.570
15.930
16.290
16.650
17.010
17.380
17.740
18.100
18.460
18.820
19.170
19.520
19.900
20.250
20.610
20.960
21.330
21.700
22.080
22.440
22.800
23.150
23.530
23.890
24.250
24.620
24.980
25.340
25.700
26.060
26.420
26.780
27.150
27.510
27.870
28.220
28.590
28.940
29.300
29.650
