0.140
0.500
0.850
1.220
1.590
1.940
2.300
2.660
3.020
3.390
3.750
4.110
4.490
4.840
5.210
5.570
5.930
6.290
6.660
7.010
7.370
7.730
8.080
8.440
8.800
9.160
9.530
9.880
10.250
10.610
10.970
11.320
11.680
12.040
12.400
12.760
13.120
13.480
13.850
14.190
14.550
14.900
15.270
15.630
15.980
16.350
16.710
17.050
17.420
17.770
18.130
18.490
18.850
19.200
19.570
19.930
20.290
20.640
21.010
21.360
21.730
22.080
22.450
22.800
23.160
23.520
23.880
24.250
24.620
24.980
25.340
25.700
26.050
26.410
26.770
27.130
27.500
27.850
28.210
28.570
28.920
29.280
29.640
