0.250
0.550
0.840
1.140
1.440
1.730
2.020
2.320
2.610
2.890
3.190
3.480
3.760
4.050
4.350
4.650
4.950
5.230
5.520
5.820
6.120
6.420
6.720
7.010
7.310
7.600
7.900
8.190
8.480
8.760
9.050
9.350
9.660
9.960
10.260
10.560
10.850
11.150
11.440
11.740
12.030
12.320
12.620
12.920
13.210
13.510
13.800
14.090
14.380
14.670
14.960
15.260
15.550
15.840
16.130
16.420
16.710
17.000
17.290
17.590
17.890
18.190
18.490
18.780
19.070
19.370
19.670
19.970
20.260
20.560
20.850
21.150
21.440
21.730
22.030
22.320
22.620
22.910
23.210
23.490
23.780
24.070
24.370
24.660
24.940
25.250
25.550
25.840
26.140
26.440
26.730
27.020
27.310
27.610
27.900
28.200
28.500
28.790
29.100
29.390
29.690
29.990
