0.330
0.670
1.000
1.340
1.670
2.030
2.370
2.720
3.050
3.400
3.730
4.070
4.400
4.750
5.080
5.430
5.770
6.110
6.450
6.790
7.130
7.470
7.810
8.160
8.500
8.830
9.170
9.500
9.850
10.190
10.540
10.890
11.220
11.560
11.900
12.250
12.580
12.930
13.270
13.610
13.940
14.290
14.630
14.970
15.310
15.650
15.990
16.340
16.660
17.020
17.360
17.700
18.030
18.370
18.710
19.060
19.400
19.760
20.090
20.440
20.770
21.120
21.450
21.800
22.150
22.480
22.820
23.170
23.510
23.840
24.180
24.530
24.860
25.210
25.530
25.890
26.220
26.570
26.900
27.250
27.580
27.940
28.270
28.620
28.960
29.300
29.640
29.980
