0.140
0.440
0.730
1.030
1.330
1.640
1.940
2.240
2.540
2.840
3.140
3.440
3.740
4.030
4.340
4.630
4.940
5.250
5.550
5.850
6.150
6.450
6.750
7.060
7.350
7.660
7.950
8.250
8.550
8.860
9.160
9.460
9.750
10.060
10.360
10.660
10.960
11.250
11.560
11.850
12.150
12.450
12.750
13.050
13.350
13.650
13.950
14.260
14.560
14.860
15.150
15.450
15.750
16.060
16.360
16.660
16.950
17.250
17.550
17.860
18.160
18.460
18.750
19.060
19.350
19.660
19.950
20.260
20.560
20.860
21.160
21.460
21.750
22.060
22.360
22.660
22.960
23.250
23.550
23.850
24.150
24.450
24.750
25.050
25.350
25.650
25.950
26.250
26.550
26.850
27.150
27.450
27.750
28.050
28.350
28.650
28.950
29.250
29.550
29.850
30.150
