0.240
0.560
0.900
1.240
1.600
1.920
2.260
2.650
3.000
3.390
3.760
4.100
4.450
4.800
5.150
5.450
5.770
6.070
6.390
6.670
6.960
7.250
7.550
7.840
8.130
8.410
8.700
9.000
9.290
9.590
9.890
10.180
10.480
10.790
11.080
11.370
11.670
11.950
12.240
12.540
12.830
13.120
13.410
13.710
14.010
14.290
14.590
14.880
15.160
15.450
15.750
16.050
16.360
16.650
16.940
17.230
17.530
17.820
18.110
18.400
18.690
18.980
19.280
19.570
19.870
20.170
20.470
20.760
21.050
21.340
21.630
21.920
22.210
22.500
22.790
23.090
23.380
23.670
23.970
24.260
24.560
24.860
25.160
25.450
25.740
26.040
26.330
26.620
26.920
27.210
27.520
27.810
28.120
28.420
28.710
29.010
29.300
29.590
29.890
30.180
30.470
