0.380
0.720
1.080
1.430
1.780
2.140
2.490
2.840
3.170
3.510
3.860
4.220
4.560
4.910
5.270
5.620
5.960
6.300
6.650
7.010
7.360
7.710
8.070
8.410
8.750
9.090
9.440
9.790
10.130
10.500
10.850
11.200
11.540
11.880
12.230
12.580
12.940
13.280
13.630
13.980
14.320
14.660
15.010
15.360
15.720
16.070
16.420
16.760
17.100
17.440
17.790
18.140
18.500
18.850
19.210
19.560
19.900
20.240
20.600
20.940
21.300
21.640
22.000
22.350
22.680
23.020
23.370
23.720
24.080
24.430
24.780
25.130
25.480
25.820
26.170
26.530
26.870
27.230
27.580
27.930
28.270
28.610
28.970
29.320
29.670
30.020
30.370
30.720
