0.280
0.940
1.600
2.270
2.930
3.590
4.250
4.920
5.580
6.250
6.910
7.570
8.230
8.900
9.560
10.220
10.880
11.550
12.210
12.870
13.540
14.210
14.870
15.530
16.190
16.860
17.510
18.190
18.840
19.510
20.170
20.840
21.500
22.160
22.820
23.490
24.150
24.820
25.470
26.140
26.800
27.470
28.130
28.800
29.450
30.120
30.780
31.450
32.110
32.770
33.430
34.100
34.760
35.430
36.080
36.750
37.410
38.080
38.740
39.400
40.060
40.730
41.390
42.060
42.710
43.380
44.040
44.710
45.370
46.040
46.690
47.360
48.020
48.690
49.350
50.010
50.670
51.340
52.000
52.670
53.320
53.990
54.650
55.320
55.980
56.640
57.300
57.970
58.630
59.300
59.960
