0.360
1.040
1.710
2.400
3.060
3.730
4.420
5.080
5.760
6.440
7.110
7.780
8.460
9.130
9.800
10.470
11.140
11.810
12.480
13.150
13.830
14.510
15.170
15.850
16.520
17.190
17.870
18.540
19.220
19.890
20.570
21.250
21.940
22.630
23.290
23.970
24.640
25.320
25.980
26.650
27.330
28.010
28.680
29.350
30.020
30.690
31.360
32.020
32.720
33.380
34.050
34.730
35.410
36.090
36.770
37.430
38.090
38.770
39.440
40.110
40.780
41.460
42.130
42.790
43.480
44.160
44.840
45.520
46.190
46.870
47.540
48.200
48.880
49.550
50.220
50.900
51.570
52.240
52.910
53.590
54.270
54.940
55.620
56.300
56.980
57.660
58.330
58.980
59.660
