0.430
0.910
1.380
1.880
2.350
2.840
3.310
3.800
4.280
4.750
5.230
5.710
6.190
6.670
7.150
7.640
8.120
8.600
9.070
9.550
10.030
10.510
10.990
11.460
11.940
12.420
12.900
13.380
13.870
14.350
14.830
15.310
15.800
16.270
16.760
17.240
17.720
18.200
18.670
19.150
19.620
20.100
20.590
21.070
21.550
22.020
22.510
22.980
23.470
23.950
24.440
24.900
25.390
25.870
26.340
26.820
27.300
27.790
28.280
28.760
29.230
29.710
30.190
30.660
31.150
31.630
32.110
32.610
33.080
33.570
34.040
34.510
35.000
35.480
35.950
36.430
36.910
37.390
37.870
38.350
38.830
39.300
39.790
40.280
40.750
41.230
41.710
42.190
42.680
43.150
43.640
44.120
44.590
45.070
45.540
46.020
46.520
47.000
47.490
47.960
48.440
48.930
49.400
49.880
50.350
50.830
51.320
51.790
52.270
52.760
53.240
53.720
54.190
54.670
55.160
55.630
56.120
56.600
57.080
57.550
58.040
58.520
58.990
59.470
59.960
