0.490
1.000
1.510
2.010
2.510
3.000
3.490
3.980
4.490
5.000
5.500
6.010
6.520
7.020
7.520
8.020
8.530
9.030
9.530
10.040
10.540
11.040
11.550
12.060
12.560
13.060
13.570
14.060
14.560
15.060
15.570
16.080
16.580
17.080
17.590
18.100
18.600
19.100
19.610
20.110
20.610
21.100
21.610
22.100
22.610
23.100
23.610
24.110
24.600
25.110
25.610
26.110
26.620
27.120
27.630
28.120
28.620
29.110
29.600
30.110
30.620
31.110
31.620
32.120
32.610
33.120
33.620
34.130
34.620
35.120
35.620
36.120
36.620
37.110
37.620
38.110
38.620
39.120
39.610
40.120
40.620
41.120
41.630
42.130
42.630
43.130
43.630
44.140
44.640
45.140
45.640
46.140
46.650
47.160
47.660
48.160
48.670
49.170
49.680
50.170
50.660
51.160
51.660
52.160
52.670
53.160
53.660
54.160
54.660
55.160
55.660
56.170
56.660
57.160
57.660
58.160
58.670
59.170
59.670
