0.320
0.930
1.560
2.190
2.830
3.450
4.080
4.710
5.370
5.980
6.610
7.240
7.870
8.510
9.130
9.790
10.430
11.040
11.660
12.300
12.950
13.560
14.180
14.820
15.470
16.090
16.720
17.350
18.000
18.610
19.240
19.880
20.530
21.140
21.770
22.400
23.040
23.660
24.290
24.930
25.570
26.190
26.820
27.460
28.100
28.720
29.340
29.990
30.630
31.240
31.870
32.510
33.160
33.770
34.400
35.030
35.680
36.300
36.920
37.560
38.190
38.820
39.450
40.080
40.740
41.350
41.980
42.610
43.260
43.880
44.500
45.140
45.790
46.400
47.030
47.660
48.310
48.930
49.550
50.190
50.830
51.450
52.090
52.720
53.360
53.980
54.610
55.240
55.900
56.510
57.140
57.770
58.420
59.030
59.660
