0.290
0.850
1.410
1.960
2.540
3.090
3.650
4.220
4.790
5.350
5.900
6.450
7.010
7.570
8.120
8.670
9.230
9.790
10.350
10.890
11.450
12.010
12.550
13.100
13.650
14.200
14.760
15.310
15.870
16.430
16.980
17.530
18.090
18.650
19.210
19.760
20.310
20.880
21.420
21.970
22.530
23.080
23.640
24.190
24.750
25.300
25.850
26.400
26.950
27.520
28.070
28.630
29.190
29.740
30.290
30.850
31.400
31.960
32.530
33.080
33.640
34.200
34.750
35.300
35.840
36.400
36.950
37.520
38.090
38.640
39.200
39.750
40.300
40.860
41.410
41.960
42.510
43.060
43.610
44.170
44.720
45.280
45.830
46.380
46.930
47.490
48.040
48.600
49.180
49.720
50.280
50.840
51.410
51.950
52.520
53.080
53.620
54.180
54.730
55.280
55.840
56.390
56.950
57.490
58.030
58.590
59.140
59.690
