0.160
0.710
1.260
1.810
2.360
2.910
3.460
4.000
4.560
5.110
5.660
6.210
6.750
7.300
7.860
8.400
8.950
9.500
10.050
10.600
11.150
11.700
12.250
12.800
13.350
13.910
14.450
15.000
15.550
16.100
16.650
17.200
17.740
18.300
18.850
19.400
19.950
20.490
21.050
21.600
22.140
22.700
23.240
23.790
24.340
24.900
25.440
25.990
26.540
27.100
27.640
28.190
28.740
29.290
29.840
30.410
30.950
31.500
32.040
32.590
33.140
33.690
34.240
34.790
35.340
35.890
36.440
36.990
37.540
38.090
38.640
39.190
39.740
40.300
40.840
41.390
41.940
42.490
43.040
43.590
44.140
44.690
45.240
45.790
46.340
46.890
47.440
47.990
48.540
49.090
49.640
50.190
50.730
51.290
51.840
52.380
52.940
53.490
54.040
54.590
55.140
55.690
56.240
56.790
57.340
57.890
58.440
58.990
59.530
