0.170
0.500
0.830
1.170
1.500
1.840
2.180
2.510
2.850
3.180
3.510
3.840
4.180
4.510
4.850
5.180
5.510
5.840
6.170
6.490
6.830
7.160
7.490
7.820
8.150
8.480
8.810
9.130
9.460
9.780
10.120
10.440
10.760
11.090
11.420
11.780
12.110
12.450
12.800
13.140
13.490
13.820
14.180
14.530
14.880
15.220
15.570
15.920
16.260
16.610
16.950
17.290
17.630
17.970
18.300
18.630
18.960
19.290
19.620
19.950
20.290
20.620
20.950
21.280
21.610
21.950
22.280
22.610
22.950
23.280
23.610
23.940
24.270
24.600
24.930
25.260
25.590
25.910
26.240
26.580
26.900
27.230
27.580
27.900
28.230
28.560
28.890
29.210
29.550
29.870
