0.320
0.680
1.030
1.390
1.750
2.110
2.470
2.830
3.180
3.540
3.900
4.240
4.610
4.970
5.320
5.680
6.010
6.310
6.620
6.930
7.290
7.650
8.000
8.360
8.720
9.080
9.440
9.790
10.150
10.510
10.870
11.230
11.590
11.940
12.290
12.650
13.010
13.370
13.730
14.080
14.440
14.790
15.150
15.510
15.860
16.220
16.580
16.950
17.300
17.660
18.010
18.370
18.730
19.090
19.450
19.790
20.160
20.510
20.880
21.230
21.590
21.940
22.300
22.670
23.030
23.380
23.750
24.110
24.460
24.810
25.170
25.530
25.880
26.240
26.610
26.960
27.320
27.680
28.030
28.390
28.750
29.100
29.460
29.820
30.180
30.530
30.900
31.250
31.610
31.960
32.320
32.670
33.040
33.400
33.760
34.110
34.470
34.820
35.190
35.540
35.900
36.260
36.620
36.970
37.330
37.690
38.050
38.410
38.750
39.110
39.460
39.820
40.180
40.530
40.890
41.260
41.620
41.980
42.330
42.700
43.050
43.410
43.770
44.120
44.480
44.830
45.200
45.550
45.910
46.260
46.620
46.980
47.340
47.700
48.060
48.410
48.770
49.130
49.480
49.840
50.190
50.550
50.910
51.270
51.620
51.990
52.350
52.690
53.060
53.410
53.770
54.130
54.490
54.840
55.190
55.550
55.900
56.250
56.620
56.970
57.340
57.690
58.050
58.400
58.760
59.110
59.470
59.820
