0.200
1.040
1.880
2.660
3.490
4.310
5.130
5.990
6.840
7.650
8.470
9.280
10.110
10.920
11.730
12.560
13.370
14.170
14.980
15.780
16.590
17.380
18.200
19.020
19.820
20.610
21.400
22.210
22.990
23.810
24.600
25.400
26.190
26.990
27.790
28.580
29.360
30.160
30.960
31.780
32.580
33.370
34.170
34.950
35.730
36.520
37.310
38.100
38.890
39.670
40.460
41.240
42.020
42.800
43.600
44.390
45.170
45.940
46.730
47.510
48.370
49.190
50.030
50.820
51.640
52.430
53.260
54.050
54.860
55.680
56.450
57.280
58.120
58.930
59.740
