0.150
0.520
0.880
1.250
1.610
1.980
2.350
2.720
3.080
3.450
3.810
4.180
4.540
4.910
5.270
5.640
6.000
6.370
6.740
7.100
7.470
7.830
8.200
8.570
8.930
9.290
9.660
10.030
10.390
10.770
11.130
11.490
11.860
12.220
12.590
12.960
13.320
13.690
14.060
14.420
14.800
15.160
15.520
15.890
16.250
16.620
16.980
17.350
17.710
18.070
18.440
18.810
19.180
19.540
19.910
20.280
20.640
21.010
21.370
21.740
22.100
22.470
22.830
23.200
23.570
23.920
24.300
24.660
25.030
25.400
25.760
26.130
26.490
26.860
27.230
27.590
27.960
28.330
28.690
29.060
29.420
29.790
