0.160
0.840
1.530
2.200
2.880
3.540
4.230
4.910
5.600
6.280
6.990
7.680
8.380
9.070
9.750
10.440
11.140
11.820
12.540
13.210
13.910
14.590
15.270
15.960
16.660
17.380
18.110
18.810
19.500
20.170
20.900
21.570
22.270
22.930
23.620
24.290
24.970
25.630
26.330
27.030
27.770
28.440
29.090
29.750
30.460
31.120
31.800
32.460
33.140
33.810
34.490
35.150
35.850
36.530
37.220
37.900
38.570
39.250
39.940
40.610
41.270
41.930
42.640
43.310
44.020
44.670
45.340
46.020
46.700
47.370
48.060
48.750
49.430
50.090
50.770
51.430
52.100
52.760
53.440
54.120
54.800
55.460
56.120
56.780
57.440
58.110
58.780
59.460
