0.010
0.360
0.700
1.030
1.380
1.720
2.060
2.400
2.750
3.090
3.420
3.770
4.120
4.460
4.810
5.140
5.490
5.830
6.170
6.510
6.850
7.200
7.540
7.880
8.230
8.570
8.910
9.260
9.600
9.940
10.280
10.620
10.960
11.300
11.640
11.990
12.340
12.670
13.020
13.360
13.710
14.050
14.390
14.730
15.070
15.410
15.760
16.100
16.440
16.780
17.130
17.470
17.810
18.150
18.500
18.840
19.180
19.520
19.870
20.210
20.550
20.890
21.240
21.580
21.920
22.260
22.610
22.940
23.290
23.630
23.980
24.320
24.660
25.000
25.340
25.690
26.030
26.370
26.720
27.050
27.400
27.730
28.080
28.410
28.760
29.110
29.460
29.800
30.140
30.480
30.830
31.170
31.510
31.850
32.280
32.890
33.560
34.250
34.930
35.620
36.310
36.990
37.670
38.360
39.040
39.720
40.410
41.100
41.780
42.470
43.150
43.830
44.520
45.200
45.890
46.570
47.260
47.940
48.630
49.310
50.000
50.680
51.370
52.050
52.740
53.420
54.100
54.790
55.470
56.160
56.840
57.520
58.210
58.890
59.580
