0.750
1.520
2.300
3.070
3.870
4.640
5.420
6.190
6.990
7.770
8.570
9.370
10.140
10.920
11.690
12.470
13.240
14.020
14.810
15.620
16.390
17.170
17.940
18.710
19.490
20.250
21.050
21.850
22.630
23.410
24.190
24.960
25.750
26.510
27.320
28.110
28.910
29.680
30.450
31.230
32.000
32.780
33.560
34.350
35.120
35.880
36.680
37.440
38.250
39.030
39.800
40.580
41.360
42.140
42.920
43.700
44.500
45.280
46.060
46.830
47.620
48.380
49.170
49.940
50.720
51.500
52.280
53.050
53.850
54.620
55.420
56.190
56.970
57.750
58.540
59.320
