0.000
0.380
0.740
1.100
1.450
1.810
2.170
2.530
2.890
3.250
3.610
3.970
4.330
4.690
5.050
5.410
5.770
6.130
6.490
6.840
7.210
7.560
7.930
8.280
8.640
9.000
9.360
9.700
10.060
10.440
10.800
11.160
11.520
11.870
12.240
12.590
12.950
13.300
13.670
14.030
14.390
14.750
15.110
15.470
15.820
16.190
16.550
16.910
17.270
17.620
17.980
18.340
18.700
19.060
19.420
19.780
20.140
20.500
20.860
21.220
21.580
21.940
22.300
22.660
23.020
23.370
23.730
24.090
24.450
24.810
25.170
25.530
25.890
26.250
26.600
26.960
27.310
27.680
28.040
28.410
28.760
29.120
29.470
29.840
