0.100
0.430
0.770
1.100
1.440
1.780
2.110
2.450
2.790
3.120
3.460
3.800
4.140
4.480
4.820
5.150
5.490
5.830
6.160
6.500
6.840
7.170
7.510
7.850
8.190
8.530
8.870
9.210
9.540
9.880
10.220
10.560
10.890
11.230
11.570
11.900
12.240
12.580
12.910
13.250
13.590
13.930
14.270
14.600
14.940
15.270
15.620
15.950
16.290
16.630
16.970
17.300
17.640
17.980
18.320
18.660
18.990
19.330
19.670
20.000
20.340
20.680
21.020
21.350
21.690
22.030
22.370
22.700
23.040
23.380
23.720
24.060
24.390
24.730
25.070
25.410
25.740
26.080
26.420
26.760
27.100
27.440
27.770
28.110
28.460
28.780
29.120
29.450
29.790
30.120
30.470
30.800
31.140
31.480
31.820
32.160
32.500
32.830
33.170
33.510
33.850
34.190
34.530
34.860
35.200
35.530
35.870
36.210
36.550
36.890
37.220
37.560
37.900
38.240
38.580
38.910
39.250
39.590
39.930
40.260
40.600
40.940
41.280
41.620
41.960
42.300
42.630
42.980
43.310
43.650
43.990
44.320
44.650
44.990
45.320
45.660
45.990
46.330
46.670
47.010
47.350
47.690
48.020
48.360
48.700
49.030
49.380
49.710
50.060
50.410
50.730
51.070
51.400
51.730
52.080
52.410
52.750
53.090
53.430
53.770
54.100
54.440
54.780
55.110
55.450
55.790
56.130
56.470
56.810
57.140
57.480
57.820
58.160
58.500
58.840
59.170
59.510
59.850
