0.720
1.510
2.290
3.060
3.860
4.630
5.390
6.160
6.930
7.720
8.490
9.270
10.050
10.810
11.610
12.380
13.150
13.890
14.680
15.420
16.220
17.010
17.770
18.560
19.320
20.090
20.880
21.680
22.450
23.200
23.990
24.760
25.570
26.360
27.120
27.920
28.680
29.450
30.290
31.130
31.980
32.830
33.710
34.550
35.400
36.200
37.040
37.850
38.660
39.480
40.270
41.050
41.830
42.620
43.420
44.180
44.950
45.740
46.510
47.290
48.070
48.810
49.570
50.350
51.110
51.890
52.690
53.440
54.210
54.980
55.760
56.560
57.340
58.130
58.930
59.690
