0.090
0.590
1.100
1.620
2.120
2.630
3.130
3.620
4.120
4.620
5.120
5.620
6.120
6.610
7.140
7.650
8.160
8.640
9.160
9.680
10.170
10.680
11.160
11.670
12.200
12.700
13.200
13.710
14.200
14.730
15.220
15.720
16.230
16.710
17.230
17.740
18.250
18.770
19.240
19.750
20.270
20.780
21.300
21.800
22.290
22.790
23.290
23.800
24.290
24.780
25.290
25.810
26.310
26.790
27.310
27.830
28.340
28.830
29.330
29.840
30.350
30.850
31.360
31.850
32.350
33.090
33.850
34.800
35.820
36.810
37.810
38.780
39.780
40.770
41.770
42.720
43.750
44.730
45.750
46.730
47.750
48.720
49.720
50.650
51.660
52.640
53.620
54.590
55.620
56.570
57.580
58.540
59.540
