0.540
1.100
1.660
2.220
2.770
3.340
3.890
4.450
5.010
5.570
6.130
6.680
7.230
7.800
8.340
8.910
9.460
10.030
10.580
11.150
11.700
12.260
12.820
13.380
13.940
14.500
15.050
15.610
16.160
16.720
17.280
17.840
18.390
18.950
19.500
20.070
20.620
21.190
21.740
22.300
22.860
23.420
23.970
24.530
25.080
25.650
26.200
26.760
27.320
27.880
28.420
28.990
29.540
30.110
30.670
31.230
31.790
32.340
32.900
33.460
34.020
34.580
35.130
35.690
36.240
36.800
37.360
37.920
38.470
39.040
39.580
40.150
40.700
41.270
41.820
42.380
42.930
43.500
44.050
44.610
45.170
45.730
46.280
46.840
47.400
47.960
48.510
49.070
49.630
50.190
50.740
51.300
51.860
52.420
52.970
53.540
54.090
54.650
55.200
55.770
56.320
56.880
57.440
58.000
58.550
59.120
59.670
