0.190
0.570
0.950
1.330
1.700
2.080
2.460
2.850
3.230
3.600
3.980
4.360
4.740
5.110
5.490
5.870
6.260
6.640
7.020
7.410
7.800
8.190
8.570
8.970
9.350
9.740
10.110
10.490
10.880
11.270
11.670
12.060
12.440
12.820
13.220
13.610
13.990
14.380
14.760
15.160
15.540
15.930
16.310
16.680
17.060
17.450
17.840
18.210
18.620
19.000
19.370
19.750
20.120
20.520
20.910
21.300
21.690
22.070
22.470
22.850
23.240
23.620
24.010
24.390
24.780
25.160
25.550
25.930
26.320
26.690
27.080
27.460
27.840
28.220
28.610
28.980
29.370
29.740
