0.000
0.360
0.710
1.070
1.420
1.790
2.150
2.520
2.880
3.220
3.580
3.950
4.290
4.650
5.000
5.360
5.710
6.060
6.420
6.780
7.130
7.490
7.860
8.220
8.580
8.930
9.290
9.640
10.000
10.360
10.710
11.070
11.440
11.800
12.160
12.520
12.870
13.250
13.590
13.950
14.310
14.670
15.050
15.390
15.760
16.140
16.500
16.860
17.220
17.580
17.950
18.320
18.670
19.040
19.400
19.770
20.120
20.490
20.860
21.220
21.570
21.940
22.310
22.680
23.070
23.430
23.790
24.160
24.530
24.900
25.270
25.640
26.010
26.400
26.760
27.130
27.500
27.880
28.230
28.590
28.940
29.280
29.630
29.990
