0.030
0.400
0.770
1.120
1.500
1.870
2.240
2.610
2.960
3.340
3.680
4.040
4.400
4.760
5.150
5.510
5.880
6.250
6.590
6.950
7.320
7.710
8.070
8.420
8.790
9.150
9.500
9.860
10.230
10.590
10.950
11.320
11.670
12.050
12.410
12.770
13.150
13.500
13.860
14.230
14.580
14.950
15.310
15.660
16.040
16.410
16.780
17.140
17.490
17.870
18.230
18.570
18.950
19.330
19.670
20.050
20.410
20.770
21.110
21.470
21.850
22.210
22.580
22.940
23.310
23.670
24.030
24.390
24.770
25.130
25.490
25.870
26.220
26.590
26.940
27.290
27.670
28.030
28.400
28.760
29.120
29.510
