0.160
0.550
0.950
1.320
1.710
2.080
2.480
2.870
3.270
3.660
4.050
4.430
4.820
5.200
5.590
5.980
6.370
6.770
7.160
7.550
7.940
8.340
8.720
9.100
9.500
9.890
10.280
10.670
11.060
11.440
11.830
12.210
12.600
12.990
13.380
13.760
14.160
14.540
14.940
15.330
15.720
16.110
16.500
16.870
17.280
17.660
18.050
18.440
18.830
19.220
19.630
20.020
20.410
20.810
21.200
21.590
21.990
22.380
22.770
23.160
23.540
23.950
24.340
24.740
25.130
25.530
25.930
26.320
26.710
27.110
27.500
27.890
28.270
28.660
29.060
29.460
29.860
30.260
30.660
31.050
31.450
31.840
32.220
32.640
33.030
33.430
33.820
34.220
34.610
35.010
35.390
35.800
36.190
36.600
37.000
37.390
37.780
38.170
38.570
38.960
39.350
39.750
40.140
40.540
40.940
41.330
41.730
42.120
42.500
42.900
43.290
43.680
44.080
44.470
44.860
45.250
45.650
46.050
46.430
46.840
47.240
47.630
48.030
48.430
48.820
49.210
49.610
50.000
50.380
50.790
51.190
51.590
51.980
52.380
52.770
53.160
53.550
53.950
54.350
54.740
55.140
55.530
55.930
56.320
56.710
57.100
57.500
57.890
58.290
58.690
59.090
59.490
59.890
