0.280
0.630
0.980
1.320
1.670
2.010
2.370
2.700
3.040
3.400
3.750
4.100
4.440
4.790
5.140
5.480
5.830
6.180
6.530
6.880
7.220
7.570
7.920
8.260
8.610
8.950
9.300
9.640
9.990
10.340
10.700
11.040
11.380
11.730
12.080
12.420
12.770
13.120
13.470
13.800
14.150
14.500
14.850
15.190
15.530
15.880
16.230
16.580
16.920
17.260
17.610
17.960
18.300
18.660
19.000
19.350
19.690
20.040
20.390
20.740
21.080
21.430
21.780
22.130
22.470
22.820
23.160
23.510
23.850
24.200
24.540
24.890
25.250
25.590
25.950
26.290
26.640
26.980
27.330
27.670
28.030
28.360
28.710
29.060
29.410
29.750
30.100
30.440
30.800
31.140
31.500
31.840
32.180
32.520
32.880
33.220
33.570
33.920
34.260
34.610
34.960
35.290
35.650
35.990
36.350
36.690
37.040
37.380
37.740
38.080
38.430
38.770
39.130
39.470
39.820
40.170
40.510
40.850
41.200
41.540
41.900
42.240
42.590
42.940
43.290
43.620
43.980
44.320
44.660
45.010
45.360
45.700
46.050
46.400
46.750
47.090
47.440
47.780
48.130
48.470
48.820
49.170
49.520
49.870
50.210
50.560
50.920
51.270
51.610
51.950
52.300
52.640
52.990
53.330
53.680
54.020
54.370
54.710
55.060
55.410
55.770
56.110
56.460
56.800
57.150
57.490
57.840
58.180
58.530
58.880
59.230
59.580
59.920
