0.110
0.450
0.780
1.120
1.470
1.820
2.180
2.530
2.870
3.230
3.570
3.920
4.260
4.610
4.980
5.330
5.680
6.030
6.390
6.730
7.090
7.440
7.780
8.130
8.480
8.830
9.180
9.530
9.890
10.240
10.590
10.930
11.290
11.630
11.980
12.330
12.660
13.000
13.340
13.670
14.010
14.350
14.690
15.030
15.360
15.710
16.040
16.380
16.720
17.060
17.410
17.750
18.090
18.430
18.760
19.110
19.440
19.780
20.120
20.460
20.790
21.130
21.480
21.830
22.160
22.500
22.850
23.190
23.530
23.870
24.220
24.560
24.890
25.230
25.570
25.920
26.260
26.600
26.940
27.290
27.630
27.970
28.310
28.650
28.990
29.330
29.660
30.000
