0.050
0.520
0.980
1.450
1.920
2.390
2.860
3.330
3.790
4.270
4.730
5.200
5.670
6.140
6.610
7.080
7.550
8.010
8.480
8.950
9.420
9.890
10.360
10.830
11.300
11.770
12.230
12.700
13.170
13.640
14.110
14.570
15.040
15.510
15.980
16.450
16.920
17.390
17.860
18.330
18.800
19.270
19.730
20.200
20.670
21.140
21.610
22.080
22.550
23.010
23.480
23.950
24.420
24.890
25.360
25.830
26.300
26.770
27.230
27.700
28.170
28.640
29.110
29.570
30.040
30.510
30.980
31.450
31.920
32.390
32.860
33.330
33.790
34.260
34.730
35.200
35.670
36.140
36.610
37.080
37.550
38.010
38.480
38.950
39.420
39.890
40.360
40.830
41.290
41.760
42.230
42.700
43.170
43.640
44.110
44.580
45.050
45.510
45.980
46.450
46.920
47.390
47.860
48.330
48.800
49.260
49.730
50.200
50.670
51.140
51.610
52.070
52.540
53.020
53.480
53.950
54.420
54.890
55.360
55.830
56.300
56.760
57.230
57.700
58.170
58.640
59.110
59.580
