0.290
0.610
0.930
1.250
1.580
1.900
2.230
2.560
2.880
3.200
3.530
3.850
4.170
4.500
4.830
5.140
5.470
5.800
6.120
6.450
6.760
7.090
7.420
7.740
8.070
8.390
8.720
9.040
9.370
9.690
10.010
10.340
10.660
10.990
11.310
11.630
11.950
12.280
12.600
12.930
13.250
13.580
13.900
14.230
14.550
14.880
15.200
15.530
15.850
16.170
16.490
16.820
17.140
17.460
17.800
18.120
18.440
18.770
19.100
19.420
19.740
20.070
20.380
20.710
21.020
21.340
21.660
22.010
22.340
22.660
22.980
23.310
23.630
23.960
24.280
24.600
24.920
25.250
25.580
25.900
26.220
26.550
26.870
27.200
27.520
27.850
28.170
28.500
28.830
29.150
29.470
29.790
