0.170
0.810
1.460
2.100
2.750
3.390
4.040
4.680
5.330
5.970
6.620
7.260
7.910
8.550
9.200
9.850
10.490
11.140
11.780
12.420
13.070
13.710
14.360
15.000
15.650
16.300
16.940
17.580
18.230
18.870
19.520
20.170
20.820
21.460
22.090
22.750
23.400
24.040
24.680
25.330
25.980
26.620
27.270
27.910
28.560
29.200
29.840
30.490
31.140
31.780
32.430
33.070
33.720
34.360
35.010
35.650
36.300
36.940
37.610
38.240
38.880
39.520
40.170
40.810
41.460
42.110
42.750
43.390
44.040
44.680
45.330
45.970
46.610
47.270
47.910
48.550
49.200
49.840
50.490
51.140
51.780
52.430
53.070
53.720
54.360
55.010
55.650
56.300
56.940
57.590
58.230
58.880
59.530
