0.000
0.410
0.810
1.210
1.600
2.000
2.390
2.790
3.180
3.580
3.970
4.370
4.770
5.160
5.560
5.960
6.350
6.750
7.140
7.540
7.940
8.330
8.720
9.120
9.520
9.910
10.310
10.710
11.100
11.500
11.890
12.290
12.680
13.070
13.480
13.880
14.270
14.670
15.060
15.460
15.850
16.250
16.640
17.050
17.440
17.840
18.230
18.630
19.020
19.420
19.810
20.210
20.610
21.000
21.400
21.800
22.190
22.590
22.980
23.380
23.770
24.170
24.570
24.960
25.350
25.750
26.150
26.550
26.940
27.340
27.730
28.130
28.520
28.920
29.320
29.710
