0.320
0.730
1.140
1.560
1.970
2.370
2.790
3.200
3.610
4.020
4.430
4.840
5.250
5.670
6.090
6.500
6.900
7.320
7.740
8.140
8.540
8.960
9.370
9.770
10.200
10.610
11.020
11.420
11.830
12.240
12.660
13.070
13.480
13.890
14.310
14.720
15.130
15.540
15.950
16.360
16.760
17.170
17.590
17.990
18.400
18.810
19.230
19.640
20.050
20.460
20.880
21.290
21.690
22.100
22.520
22.930
23.330
23.750
24.170
24.570
24.970
25.390
25.800
26.210
26.620
27.030
27.450
27.860
28.270
28.680
29.090
29.490
29.900
30.310
30.720
31.130
31.540
31.950
32.360
32.760
33.180
33.580
33.990
34.410
34.830
35.230
35.650
36.050
36.470
36.870
37.290
37.690
38.110
38.520
38.930
39.340
39.760
40.160
40.570
40.980
41.400
41.810
42.220
42.630
43.040
43.460
43.870
44.280
44.700
45.100
45.520
45.930
46.340
46.750
47.160
47.570
47.980
48.390
48.790
49.200
49.630
50.020
50.440
50.850
51.260
51.660
52.090
52.500
52.910
53.310
53.730
54.150
54.560
54.970
55.390
55.800
56.210
56.620
57.040
57.460
57.860
58.260
58.680
59.090
59.490
59.910
