0.520
1.210
1.900
2.600
3.280
3.970
4.660
5.350
6.040
6.730
7.420
8.120
8.800
9.480
10.170
10.880
11.550
12.250
12.930
13.630
14.310
15.010
15.690
16.390
17.070
17.770
18.450
19.150
19.830
20.520
21.210
21.910
22.590
23.280
23.970
24.670
25.350
26.060
26.730
27.420
28.110
28.790
29.490
30.190
30.870
31.560
32.240
32.950
33.620
34.290
35.000
35.700
36.380
37.080
37.760
38.460
39.140
39.830
40.520
41.220
41.900
42.590
43.280
43.980
44.660
45.350
46.040
46.730
47.420
48.100
48.800
49.490
50.180
50.870
51.550
52.260
52.930
53.650
54.310
55.020
55.690
56.390
57.070
57.770
58.450
59.150
59.830
