0.220
0.680
1.130
1.600
2.050
2.520
2.970
3.470
3.930
4.420
4.890
5.370
5.850
6.350
6.810
7.290
7.780
8.270
8.740
9.200
9.680
10.140
10.600
11.070
11.550
12.030
12.500
12.970
13.440
13.940
14.400
14.880
15.370
15.840
16.300
16.790
17.260
17.720
18.180
18.650
19.120
19.600
20.070
20.550
21.020
21.480
21.980
22.470
22.940
23.430
23.900
24.370
24.840
25.310
25.770
26.250
26.730
27.220
27.680
28.150
28.610
29.080
29.570
30.050
30.530
31.000
31.480
31.960
32.410
32.860
33.320
33.780
34.250
34.700
35.170
35.630
36.100
36.550
37.020
37.470
37.940
38.400
38.860
39.320
39.780
40.240
40.690
41.160
41.620
42.080
42.530
42.980
43.440
43.900
44.360
44.820
45.280
45.740
46.200
46.650
47.110
47.560
48.020
48.480
48.940
49.400
49.860
50.310
50.770
51.220
51.670
52.130
52.580
53.030
53.480
53.930
54.390
54.840
55.280
55.730
56.160
56.610
57.060
57.510
57.970
58.420
58.860
59.310
59.760
