0.160
0.520
0.890
1.250
1.620
1.990
2.350
2.720
3.080
3.450
3.820
4.180
4.550
4.920
5.280
5.650
6.010
6.380
6.740
7.110
7.470
7.840
8.210
8.570
8.940
9.300
9.670
10.040
10.400
10.770
11.130
11.500
11.860
12.230
12.600
12.960
13.330
13.700
14.060
14.430
14.790
15.160
15.520
15.890
16.260
16.620
16.990
17.350
17.720
18.080
18.450
18.820
19.180
19.550
19.910
20.280
20.650
21.010
21.380
21.740
22.110
22.470
22.840
23.210
23.570
23.940
24.300
24.670
25.040
25.400
25.770
26.130
26.500
26.860
27.220
27.590
27.950
28.330
28.690
29.060
29.430
29.790
