0.460
1.000
1.540
2.080
2.620
3.170
3.700
4.250
4.770
5.310
5.850
6.380
6.910
7.450
7.990
8.520
9.050
9.590
10.120
10.660
11.190
11.730
12.270
12.790
13.330
13.860
14.400
14.940
15.480
16.020
16.550
17.080
17.600
18.140
18.680
19.220
19.750
20.280
20.820
21.360
21.900
22.440
22.980
23.530
24.060
24.600
25.140
25.690
26.220
26.760
27.300
27.840
28.370
28.910
29.460
30.000
30.530
31.060
31.600
32.140
32.670
33.200
33.750
34.290
34.810
35.350
35.890
36.440
36.970
37.510
38.050
38.590
39.110
39.640
40.190
40.730
41.270
41.810
42.360
42.900
43.420
43.960
44.490
45.030
45.550
46.090
46.630
47.170
47.690
48.220
48.740
49.290
49.820
50.360
50.900
51.440
51.970
52.500
53.040
53.590
54.120
54.650
55.190
55.720
56.250
56.800
57.340
57.860
58.390
58.920
59.450
59.980
