0.220
0.670
1.100
1.530
1.970
2.430
2.860
3.320
3.750
4.220
4.660
5.120
5.560
6.010
6.450
6.890
7.340
7.760
8.220
8.660
9.100
9.540
9.990
10.440
10.880
11.310
11.750
12.210
12.650
13.080
13.500
13.930
14.380
14.820
15.250
15.700
16.130
16.570
17.010
17.460
17.900
18.350
18.780
19.230
19.670
20.100
20.540
20.980
21.430
21.880
22.320
22.790
23.240
23.700
24.150
24.630
25.050
25.500
25.950
26.370
26.820
27.260
27.690
28.130
28.580
29.020
29.460
29.900
30.340
30.790
31.230
31.680
32.110
32.570
33.000
33.450
33.890
34.330
34.770
35.210
35.640
36.100
36.530
36.980
37.410
37.840
38.290
38.750
39.200
39.650
40.080
40.530
40.970
41.410
41.840
42.280
42.720
43.160
43.610
44.050
44.490
44.940
45.380
45.830
46.270
46.730
47.160
47.600
48.030
48.480
48.910
49.350
49.790
50.250
50.690
51.130
51.580
52.030
52.480
52.920
53.370
53.820
54.260
54.710
55.150
55.600
56.050
56.490
56.940
57.390
57.830
58.270
58.710
59.170
59.600
60.040
