0.130
0.760
1.410
2.040
2.670
3.310
3.950
4.560
5.200
5.830
6.460
7.070
7.690
8.330
8.970
9.590
10.220
10.860
11.510
12.130
12.760
13.400
14.040
14.660
15.300
15.920
16.560
17.190
17.830
18.470
19.120
19.740
20.380
21.020
21.670
22.290
22.940
23.570
24.190
24.810
25.450
26.080
26.730
27.360
28.000
28.630
29.290
29.910
30.540
31.160
31.800
32.420
33.060
33.680
34.320
34.950
35.570
36.200
36.860
37.490
38.140
38.780
39.420
40.030
40.670
41.300
41.950
42.580
43.210
43.840
44.490
45.100
45.740
46.370
47.000
47.620
48.260
48.890
49.540
50.150
50.780
51.410
52.050
52.680
53.310
53.940
54.580
55.190
55.830
56.450
57.090
57.710
58.340
58.960
59.610
