0.320
0.950
1.580
2.200
2.830
3.460
4.090
4.710
5.340
5.970
6.600
7.220
7.860
8.480
9.110
9.730
10.360
10.990
11.620
12.240
12.870
13.500
14.130
14.750
15.390
16.010
16.640
17.270
17.890
18.520
19.150
19.770
20.400
21.030
21.650
22.280
22.910
23.540
24.170
24.790
25.430
26.050
26.680
27.300
27.940
28.560
29.190
29.810
30.450
31.070
31.700
32.320
32.960
33.580
34.210
34.830
35.470
36.090
36.720
37.350
37.980
38.610
39.230
39.860
40.490
41.110
41.740
42.370
43.000
43.620
44.250
44.880
45.510
46.140
46.770
47.400
48.020
48.640
49.270
49.900
50.530
51.150
51.780
52.410
53.040
53.660
54.290
54.920
55.550
56.170
56.800
57.430
58.060
58.680
59.310
59.940
