0.170
0.530
0.900
1.280
1.650
2.030
2.390
2.770
3.150
3.520
3.880
4.260
4.640
5.010
5.370
5.760
6.130
6.500
6.860
7.250
7.620
7.990
8.350
8.740
9.110
9.480
9.850
10.230
10.610
10.980
11.350
11.730
12.090
12.460
12.840
13.220
13.590
13.960
14.330
14.880
15.450
16.200
16.940
17.700
18.430
19.180
19.930
20.670
21.410
22.160
22.910
23.660
24.400
25.150
25.890
26.640
27.380
28.130
28.870
29.620
30.360
31.110
31.850
32.600
33.340
34.100
34.840
35.590
36.330
37.080
37.820
38.570
39.310
40.050
40.800
41.550
42.290
43.040
43.780
44.540
45.270
46.010
46.760
47.510
48.250
49.000
49.740
50.490
51.230
51.980
52.730
53.470
54.220
54.960
55.710
56.450
57.200
57.940
58.690
59.430
