0.140
0.470
0.840
1.180
1.520
1.890
2.260
2.620
2.980
3.330
3.670
4.030
4.390
4.750
5.100
5.450
5.800
6.160
6.510
6.870
7.240
7.590
7.950
8.310
8.670
9.030
9.380
9.730
10.090
10.440
10.790
11.140
11.490
11.850
12.210
12.580
12.950
13.300
13.660
14.000
14.340
14.690
15.040
15.400
15.760
16.120
16.470
16.830
17.200
17.550
17.910
18.280
18.630
19.000
19.360
19.700
20.060
20.420
20.770
21.130
21.470
21.840
22.190
22.550
22.900
23.250
23.600
23.960
24.310
24.670
25.030
25.390
25.740
26.110
26.470
26.820
27.180
27.540
27.890
28.270
28.600
28.950
29.310
29.660
30.020
30.370
30.710
31.060
31.420
31.780
32.120
32.480
32.850
33.210
33.570
33.920
34.270
34.610
34.970
35.340
35.680
36.050
36.420
36.770
37.130
37.480
37.830
38.180
38.540
38.890
39.250
39.610
39.990
40.350
40.710
41.070
41.430
41.790
42.150
42.510
42.860
43.210
43.570
43.920
44.270
44.640
44.980
45.340
45.700
46.060
46.410
46.770
47.130
47.480
47.850
48.210
48.550
48.910
49.260
49.620
49.970
50.320
50.690
51.050
51.400
51.750
52.110
52.470
52.830
53.190
53.540
53.890
54.240
54.590
54.960
55.310
55.680
56.030
56.400
56.740
57.090
57.440
57.800
58.150
58.500
58.870
59.210
59.570
59.930
