0.180
0.870
1.580
2.290
3.020
3.710
4.430
5.130
5.840
6.550
7.270
7.980
8.690
9.400
10.110
10.810
11.540
12.230
12.950
13.650
14.360
15.070
15.790
16.500
17.220
17.910
18.630
19.340
20.060
20.760
21.460
22.170
22.900
23.590
24.310
25.010
25.720
26.440
27.150
27.860
28.570
29.270
29.990
30.690
31.410
32.120
32.830
33.540
34.240
34.950
35.670
36.380
37.080
37.790
38.500
39.210
39.930
40.630
41.350
42.050
42.770
43.480
44.190
44.900
45.610
46.320
47.030
47.730
48.440
49.150
49.860
50.580
51.280
51.990
52.710
53.410
54.120
54.830
55.550
56.260
56.970
57.670
58.390
59.100
59.800
