0.220
0.710
1.210
1.700
2.220
2.700
3.230
3.710
4.230
4.750
5.270
5.790
6.360
6.850
7.350
7.840
8.350
8.840
9.340
9.830
10.330
10.830
11.340
11.830
12.330
12.820
13.330
13.810
14.310
14.810
15.320
15.800
16.310
16.810
17.320
17.820
18.320
18.820
19.320
19.810
20.310
20.810
21.290
21.780
22.290
22.800
23.290
23.790
24.310
24.810
25.320
25.810
26.320
26.830
27.340
27.830
28.340
28.840
29.350
29.850
30.330
30.850
31.340
31.840
32.350
32.860
33.350
33.850
34.360
34.870
35.370
35.880
36.380
36.880
37.380
37.870
38.380
38.880
39.390
39.880
40.390
40.890
41.400
41.910
42.400
42.900
43.410
43.890
44.410
44.910
45.410
45.890
46.400
46.900
47.400
47.900
48.420
48.920
49.410
49.900
50.410
50.910
51.400
51.900
52.410
52.920
53.420
53.920
54.430
54.940
55.440
55.950
56.450
56.950
57.440
57.950
58.430
58.930
59.440
59.930
