0.270
1.000
1.740
2.480
3.220
3.940
4.680
5.410
6.150
6.890
7.630
8.340
9.110
9.840
10.580
11.310
12.050
12.790
13.540
14.270
14.990
15.710
16.440
17.180
17.920
18.650
19.370
20.100
20.830
21.540
22.310
23.010
23.760
24.490
25.240
25.960
26.700
27.420
28.150
28.870
29.610
30.350
31.100
31.820
32.560
33.270
34.020
34.750
35.490
36.210
36.940
37.680
38.420
39.150
39.910
40.650
41.400
42.140
42.860
43.620
44.360
45.090
45.830
46.560
47.320
48.060
48.820
49.540
50.300
51.060
51.830
52.560
53.330
54.080
54.860
55.600
56.370
57.120
57.870
58.620
59.390
