0.220
0.650
1.070
1.500
1.890
2.310
2.730
3.150
3.560
3.980
4.400
4.820
5.230
5.640
6.070
6.490
6.900
7.320
7.730
8.150
8.570
8.990
9.400
9.840
10.240
10.650
11.080
11.490
11.910
12.330
12.750
13.180
13.580
14.000
14.420
14.860
15.250
15.670
16.090
16.510
16.920
17.360
17.760
18.180
18.590
19.010
19.430
19.860
20.260
20.680
21.100
21.510
21.920
22.340
22.760
23.180
23.590
24.020
24.430
24.870
25.260
25.680
26.100
26.530
26.930
27.350
27.770
28.190
28.600
29.020
29.440
29.870
30.270
30.690
31.110
31.550
31.940
32.360
32.780
33.200
33.610
34.030
34.450
34.870
35.280
35.700
36.120
36.550
36.970
37.390
37.810
38.220
38.640
39.050
39.470
39.890
40.310
40.720
41.150
41.550
41.970
42.390
42.830
43.240
43.650
44.080
44.500
44.910
45.330
45.740
46.150
46.560
47.000
47.410
47.840
48.260
48.680
49.100
49.510
49.930
50.340
50.770
51.190
51.600
51.990
52.400
52.830
53.240
53.650
54.080
54.500
54.910
55.330
55.740
56.160
56.600
57.000
57.420
57.860
58.270
58.670
59.090
59.510
59.920
