0.270
0.700
1.130
1.550
1.970
2.400
2.820
3.250
3.680
4.100
4.520
4.950
5.380
5.800
6.230
6.650
7.080
7.500
7.930
8.370
8.780
9.210
9.630
10.060
10.480
10.900
11.330
11.760
12.180
12.600
13.030
13.460
13.880
14.310
14.740
15.160
15.590
16.010
16.450
16.860
17.290
17.710
18.140
18.560
18.990
19.410
19.840
20.260
20.690
21.120
21.540
21.970
22.390
22.820
23.240
23.670
24.090
24.520
24.940
25.370
25.790
26.220
26.650
27.070
27.500
27.930
28.350
28.770
29.200
29.630
30.060
30.480
30.910
31.330
31.750
32.180
32.610
33.030
33.460
33.880
34.300
34.730
35.160
35.580
36.010
36.430
36.860
37.290
37.710
38.140
38.560
38.990
39.420
39.840
40.270
40.690
41.120
41.540
41.970
42.400
42.820
43.240
43.670
44.100
44.520
44.950
45.370
45.800
46.220
46.650
47.070
47.500
47.930
48.350
48.780
49.200
49.620
50.050
50.480
50.910
51.330
51.760
52.180
52.610
53.030
53.450
53.880
54.310
54.730
55.160
55.580
56.010
56.430
56.860
57.290
57.710
58.140
58.560
58.980
59.410
59.840
