0.370
0.770
1.170
1.580
1.980
2.370
2.770
3.160
3.560
3.960
4.370
4.770
5.180
5.580
5.980
6.370
6.780
7.180
7.580
7.970
8.380
8.770
9.180
9.570
9.970
10.370
10.770
11.170
11.570
11.970
12.380
12.780
13.180
13.570
13.970
14.360
14.770
15.160
15.570
15.960
16.370
16.770
17.170
17.570
17.970
18.370
18.770
19.160
19.570
19.970
20.370
20.770
21.170
21.570
21.980
22.370
22.780
23.170
23.580
23.970
24.370
24.770
25.180
25.570
25.980
26.370
26.780
27.170
27.570
27.970
28.370
28.770
29.170
29.570
29.980
30.370
30.780
31.170
31.570
31.970
32.370
32.770
33.170
33.570
33.970
34.370
34.770
35.170
35.570
35.970
36.370
36.770
37.170
37.570
37.970
38.370
38.770
39.170
39.570
39.970
40.370
40.770
41.170
41.570
41.970
42.370
42.770
43.170
43.570
43.970
44.370
44.770
45.180
45.570
45.980
46.380
46.780
47.170
47.580
47.980
48.380
48.780
49.180
49.580
49.980
50.370
50.770
51.170
51.570
51.970
52.370
52.760
53.170
53.570
53.970
54.370
54.770
55.170
55.570
55.970
56.380
56.770
57.170
57.570
57.960
58.370
58.770
59.180
59.570
59.980
