0.230
0.600
0.970
1.350
1.730
2.120
2.500
2.890
3.250
3.640
4.030
4.400
4.790
5.160
5.540
5.930
6.290
6.660
7.050
7.420
7.800
8.170
8.560
8.940
9.310
9.690
10.050
10.450
10.820
11.190
11.560
11.930
12.300
12.690
13.080
13.450
13.830
14.210
14.580
14.970
15.330
15.710
16.090
16.450
16.820
17.200
17.560
17.940
18.320
18.700
19.080
19.450
19.830
20.210
20.590
20.970
21.340
21.720
22.100
22.460
22.830
23.220
23.590
23.970
24.350
24.730
25.110
25.480
25.860
26.240
26.600
26.990
27.350
27.730
28.100
28.460
28.830
29.210
29.590
29.960
