0.140
0.490
0.830
1.160
1.490
1.810
2.130
2.460
2.790
3.140
3.480
3.810
4.150
4.490
4.830
5.170
5.510
5.860
6.200
6.530
6.860
7.200
7.530
7.860
8.210
8.550
8.890
9.230
9.560
9.890
10.220
10.550
10.890
11.230
11.560
11.890
12.230
12.560
12.900
13.230
13.570
13.900
14.240
14.570
14.900
15.220
15.560
15.900
16.240
16.570
16.910
17.240
17.580
17.910
18.260
18.600
18.940
19.280
19.620
19.960
20.300
20.640
20.980
21.320
21.670
22.010
22.340
22.680
23.010
23.340
23.690
24.020
24.360
24.700
25.040
25.380
25.710
26.040
26.370
26.700
27.030
27.360
27.680
28.000
28.320
28.640
28.950
29.270
29.610
29.940
30.270
30.600
30.930
31.250
31.580
31.910
32.250
32.580
32.920
33.240
33.580
33.910
34.250
34.580
34.930
35.260
35.600
35.930
36.270
36.600
36.930
37.260
37.600
37.930
38.260
38.590
38.920
39.240
39.570
39.900
40.240
40.570
40.910
41.230
41.560
41.880
42.210
42.550
42.880
43.210
43.550
43.880
44.200
44.530
44.850
45.180
45.520
45.850
46.180
46.520
46.850
47.170
47.500
47.840
48.170
48.520
48.850
49.190
49.510
49.830
50.160
50.490
50.830
51.160
51.490
51.830
52.160
52.480
52.810
53.140
53.460
53.790
54.120
54.450
54.770
55.090
55.400
55.720
56.060
56.400
56.740
57.080
57.410
57.730
58.070
58.400
58.730
59.060
59.390
59.730
60.060
