0.310
0.950
1.610
2.270
2.920
3.570
4.180
4.820
5.520
6.170
6.830
7.480
8.130
8.780
9.430
10.170
10.910
11.550
12.200
12.860
13.510
14.170
14.820
15.480
16.130
16.780
17.430
18.080
18.730
19.390
20.040
20.610
21.180
21.830
22.480
23.140
23.780
24.450
25.090
25.750
26.410
27.080
27.710
28.370
29.170
29.820
30.470
31.130
31.780
32.430
33.080
33.730
34.380
35.040
35.690
36.340
37.000
37.640
38.300
38.950
39.600
40.260
40.910
41.560
42.210
42.860
43.510
44.170
44.820
45.470
46.130
46.780
47.430
48.090
48.740
49.390
50.040
50.690
51.340
51.990
52.640
53.300
53.950
54.610
55.260
55.910
56.560
57.210
57.860
58.520
59.170
59.830
