0.160
0.850
1.520
2.210
2.890
3.570
4.250
4.930
5.620
6.300
6.980
7.660
8.340
9.030
9.710
10.390
11.070
11.750
12.430
13.120
13.800
14.480
15.160
15.840
16.520
17.210
17.890
18.570
19.250
19.940
20.620
21.300
21.980
22.660
23.340
24.020
24.710
25.390
26.070
26.750
27.430
28.120
28.800
29.480
30.160
30.840
31.520
32.210
32.890
33.570
34.250
34.930
35.610
36.300
36.980
37.660
38.340
39.020
39.710
40.390
41.070
41.750
42.430
43.110
43.800
44.480
45.160
45.840
46.520
47.210
47.890
48.570
49.250
49.930
50.620
51.300
51.980
52.660
53.340
54.020
54.710
55.390
56.070
56.750
57.430
58.120
58.800
59.480
