0.080
0.530
0.990
1.460
1.910
2.380
2.850
3.300
3.760
4.220
4.690
5.150
5.610
6.070
6.550
6.990
7.470
7.920
8.380
8.850
9.300
9.760
10.220
10.680
11.150
11.610
12.080
12.550
12.990
13.460
13.920
14.370
14.850
15.300
15.770
16.230
16.680
17.150
17.620
18.070
18.530
18.990
19.460
19.920
20.380
20.840
21.320
21.760
22.230
22.690
23.160
23.620
24.070
24.530
25.000
25.450
25.910
26.380
26.850
27.310
27.760
28.220
28.690
29.150
29.620
30.070
30.540
30.990
31.450
31.920
32.370
32.840
33.300
33.770
34.230
34.690
35.150
35.610
36.080
36.530
36.990
37.460
37.930
38.390
38.840
39.300
39.770
40.220
40.680
41.150
41.610
42.080
42.530
42.990
43.460
43.910
44.400
44.840
45.310
45.760
46.220
46.680
47.160
47.610
48.070
48.530
48.990
49.450
49.910
50.380
50.840
51.300
51.760
52.230
52.700
53.150
53.610
54.070
54.540
54.990
55.450
55.920
56.380
56.850
57.300
57.760
58.230
58.680
59.150
59.610
60.050
