0.590
1.320
2.030
2.760
3.480
4.220
4.980
5.720
6.450
7.170
7.900
8.610
9.340
10.090
10.830
11.540
12.300
13.040
13.750
14.480
15.180
15.900
16.620
17.350
18.090
18.770
19.580
20.340
21.150
21.880
22.570
23.320
24.050
24.800
25.540
26.290
27.020
27.780
28.550
29.290
29.990
30.730
31.520
32.260
33.010
33.720
34.480
35.220
35.960
36.700
37.450
38.230
38.980
39.710
40.470
41.200
41.960
42.710
43.460
44.230
45.020
45.760
46.490
47.230
48.000
48.750
49.500
50.240
51.010
51.760
52.500
53.230
54.020
54.840
55.630
56.460
57.210
57.920
58.670
59.390
