0.080
0.430
0.780
1.140
1.480
1.840
2.190
2.540
2.880
3.230
3.580
3.930
4.270
4.610
4.950
5.310
5.650
6.000
6.350
6.700
7.040
7.390
7.740
8.100
8.440
8.790
9.140
9.490
9.830
10.180
10.530
10.870
11.220
11.570
11.910
12.270
12.610
12.960
13.300
13.640
13.980
14.310
14.680
15.040
15.390
15.760
16.110
16.460
16.800
17.160
17.500
17.860
18.200
18.550
18.900
19.260
19.610
19.970
20.320
20.670
21.010
21.360
21.700
22.060
22.400
22.750
23.110
23.460
23.810
24.150
24.500
24.860
25.200
25.550
25.900
26.250
26.590
26.950
27.290
27.650
27.990
28.350
28.700
29.040
29.380
29.720
