0.180
0.680
1.180
1.670
2.160
2.660
3.160
3.650
4.140
4.660
5.160
5.640
6.130
6.620
7.110
7.610
8.110
8.620
9.120
9.610
10.100
10.590
11.100
11.590
12.080
12.580
13.080
13.580
14.070
14.560
15.050
15.540
16.030
16.540
17.040
17.530
18.030
18.530
19.030
19.520
20.010
20.490
20.990
21.490
21.990
22.480
22.980
23.480
23.980
24.460
24.970
25.450
25.960
26.450
26.960
27.460
27.950
28.440
28.940
29.430
29.930
30.420
30.910
31.410
31.900
32.410
32.900
33.390
33.890
34.390
34.890
35.390
35.880
36.390
36.880
37.370
37.880
38.360
38.870
39.360
39.870
40.370
40.870
41.360
41.860
42.350
42.850
43.340
43.850
44.320
44.820
45.320
45.810
46.300
46.790
47.290
47.800
48.290
48.790
49.300
49.790
50.280
50.770
51.250
51.760
52.250
52.750
53.250
53.750
54.230
54.740
55.240
55.740
56.220
56.720
57.220
57.730
58.210
58.710
59.210
59.710
