0.220
0.950
1.700
2.440
3.180
3.920
4.660
5.400
6.140
6.880
7.630
8.360
9.110
9.850
10.590
11.330
12.070
12.810
13.550
14.290
15.040
15.770
16.520
17.260
18.000
18.740
19.480
20.220
20.960
21.700
22.440
23.180
23.930
24.670
25.410
26.150
26.890
27.630
28.370
29.110
29.860
30.590
31.340
32.080
32.820
33.560
34.300
35.040
35.780
36.520
37.260
38.000
38.740
39.480
40.250
40.980
41.720
42.450
43.190
43.930
44.670
45.410
46.150
46.890
47.630
48.380
49.120
49.860
50.600
51.330
52.080
52.820
53.560
54.310
55.050
55.790
56.530
57.270
58.010
58.750
59.490
