0.090
0.410
0.750
1.080
1.410
1.740
2.070
2.410
2.740
3.070
3.400
3.730
4.050
4.390
4.720
5.050
5.380
5.710
6.040
6.370
6.690
7.030
7.360
7.700
8.020
8.350
8.680
9.010
9.340
9.670
10.000
10.330
10.660
10.990
11.320
11.650
11.980
12.300
12.640
12.970
13.290
13.620
13.950
14.280
14.610
14.930
15.260
15.590
15.920
16.250
16.570
16.900
17.230
17.560
17.890
18.220
18.550
18.880
19.210
19.530
19.860
20.180
20.510
20.830
21.160
21.490
21.820
22.140
22.470
22.790
23.120
23.450
23.770
24.100
24.420
24.750
25.080
25.410
25.740
26.060
26.380
26.710
27.040
27.370
27.700
28.030
28.360
28.690
29.020
29.340
29.670
30.000
30.330
30.650
30.980
31.300
31.630
31.960
32.280
32.610
32.940
33.260
33.590
33.930
34.250
34.580
34.900
35.230
35.560
35.890
36.220
36.550
36.880
37.210
37.540
37.870
38.200
38.530
38.860
39.190
39.520
39.850
40.180
40.510
40.830
41.160
41.500
41.840
42.170
42.500
42.830
43.160
43.500
43.830
44.160
44.480
44.810
45.140
45.470
45.800
46.130
46.460
46.790
47.120
47.450
47.770
48.100
48.420
48.750
49.080
49.400
49.730
50.060
50.400
50.750
51.090
51.430
51.770
52.110
52.460
52.790
53.130
53.450
53.790
54.120
54.450
54.780
55.100
55.420
55.750
56.090
56.420
56.750
57.080
57.410
57.740
58.070
58.400
58.730
59.060
59.390
59.720
60.060
