0.180
0.680
1.180
1.680
2.180
2.680
3.180
3.680
4.180
4.680
5.180
5.680
6.180
6.680
7.180
7.680
8.180
8.680
9.180
9.680
10.180
10.680
11.180
11.680
12.180
12.680
13.180
13.680
14.180
14.680
15.180
15.670
16.180
16.680
17.170
17.670
18.170
18.670
19.180
19.680
20.170
20.670
21.170
21.670
22.170
22.670
23.170
23.670
24.170
24.670
25.170
25.670
26.170
26.670
27.170
27.670
28.170
28.670
29.170
29.670
30.170
30.670
31.170
31.670
32.170
32.670
33.170
33.670
34.170
34.670
35.170
35.670
36.170
36.670
37.170
37.670
38.170
38.670
39.170
39.670
40.170
40.670
41.170
41.670
42.170
42.660
43.160
43.660
44.160
44.660
45.160
45.660
46.160
46.670
47.160
47.660
48.160
48.660
49.160
49.660
50.160
50.660
51.160
51.660
52.160
52.660
53.160
53.660
54.160
54.660
55.160
55.660
56.160
56.660
57.160
57.660
58.160
58.660
59.160
59.660
