0.100
0.560
1.060
1.550
2.050
2.540
3.040
3.530
4.030
4.520
5.020
5.510
6.010
6.500
7.000
7.490
7.990
8.480
8.980
9.470
9.970
10.460
10.960
11.450
11.950
12.440
12.940
13.430
13.930
14.420
14.920
15.410
15.890
16.400
16.890
17.390
17.890
18.380
18.870
19.370
19.860
20.360
20.850
21.350
21.840
22.340
22.830
23.330
23.820
24.320
24.810
25.310
25.810
26.300
26.790
27.290
27.780
28.280
28.770
29.270
29.770
30.260
30.750
31.250
31.740
32.240
32.740
33.230
33.720
34.220
34.710
35.210
35.710
36.200
36.690
37.190
37.690
38.180
38.670
39.170
39.670
40.150
40.650
41.150
41.640
42.140
42.630
43.120
43.620
44.110
44.610
45.100
45.600
46.100
46.590
47.080
47.580
48.070
48.570
49.060
49.560
50.050
50.550
51.040
51.540
52.030
52.530
53.020
53.520
54.010
54.510
55.000
55.500
55.990
56.490
56.980
57.480
57.980
58.470
58.960
59.460
59.960
