0.320
0.700
1.100
1.480
1.870
2.260
2.650
3.040
3.440
3.830
4.230
4.610
5.000
5.390
5.790
6.160
6.560
6.950
7.340
7.720
8.100
8.480
8.880
9.270
9.660
10.040
10.440
10.820
11.210
11.580
11.970
12.340
12.730
13.110
13.480
13.860
14.230
14.610
14.990
15.370
15.770
16.150
16.550
16.940
17.330
17.710
18.110
18.490
18.890
19.270
19.680
20.050
20.450
20.830
21.230
21.620
22.030
22.410
22.820
23.190
23.600
23.970
24.360
24.760
25.150
25.550
25.910
26.290
26.680
27.080
27.470
27.860
28.270
28.650
29.060
29.440
29.830
