0.180
0.770
1.330
1.920
2.490
3.090
3.670
4.230
4.820
5.410
5.970
6.540
7.130
7.720
8.290
8.870
9.460
10.050
10.610
11.170
11.740
12.350
12.930
13.500
14.120
14.680
15.250
15.800
16.390
16.970
17.570
18.140
18.740
19.310
19.890
20.460
21.030
21.620
22.220
22.800
23.370
23.920
24.500
25.080
25.650
26.230
26.810
27.400
27.970
28.540
29.130
29.730
30.290
30.870
31.450
32.040
32.630
33.200
33.780
34.350
34.930
35.510
36.080
36.660
37.250
37.820
38.390
38.960
39.530
40.100
40.690
41.290
41.880
42.460
43.050
43.610
44.190
44.770
45.360
45.940
46.540
47.110
47.690
48.260
48.840
49.410
50.000
50.600
51.180
51.730
52.320
52.920
53.500
54.060
54.640
55.230
55.810
56.400
56.970
57.550
58.110
58.670
59.250
59.840
