0.650
1.320
1.980
2.650
3.320
3.980
4.650
5.320
5.980
6.650
7.310
7.980
8.650
9.320
9.980
10.650
11.320
11.980
12.650
13.320
13.980
14.650
15.320
15.980
16.650
17.320
17.980
18.650
19.310
19.980
20.650
21.320
21.980
22.650
23.310
23.990
24.650
25.310
25.980
26.650
27.320
27.980
28.650
29.320
29.980
30.650
31.320
31.980
32.650
33.310
33.980
34.650
35.310
35.980
36.650
37.320
37.980
38.640
39.310
39.980
40.640
41.310
41.980
42.650
43.310
43.980
44.640
45.310
45.980
46.650
47.320
47.990
48.650
49.310
49.980
50.650
51.310
51.980
52.650
53.320
53.980
54.650
55.310
55.980
56.650
57.320
57.970
58.640
59.320
59.980
