0.190
0.640
1.080
1.530
1.980
2.420
2.870
3.320
3.770
4.220
4.660
5.110
5.550
5.990
6.450
6.900
7.340
7.780
8.230
8.680
9.130
9.570
10.020
10.470
10.920
11.370
11.810
12.260
12.700
13.150
13.600
14.050
14.490
14.940
15.390
15.830
16.280
16.710
17.170
17.620
18.070
18.520
18.970
19.410
19.870
20.310
20.760
21.200
21.650
22.100
22.550
22.990
23.440
23.890
24.330
24.790
25.230
25.680
26.120
26.570
27.010
27.460
27.900
28.350
28.800
29.250
29.700
30.140
30.590
31.030
31.480
31.930
32.380
32.830
33.270
33.720
34.170
34.620
35.060
35.510
35.950
36.400
36.850
37.300
37.740
38.200
38.640
39.090
39.530
39.980
40.420
40.870
41.330
41.780
42.220
42.660
43.110
43.560
44.010
44.450
44.890
45.330
45.790
46.240
46.690
47.130
47.580
48.020
48.470
48.920
49.370
49.820
50.260
50.710
51.150
51.600
52.050
52.500
52.940
53.390
53.840
54.280
54.730
55.180
55.620
56.070
56.520
56.970
57.410
57.860
58.310
58.760
59.200
59.650
