0.090
0.490
0.880
1.280
1.660
2.070
2.470
2.870
3.250
3.660
4.050
4.450
4.830
5.230
5.630
6.020
6.390
6.810
7.210
7.600
7.990
8.390
8.770
9.170
9.560
9.950
10.340
10.740
11.130
11.520
11.910
12.310
12.700
13.090
13.480
13.880
14.270
14.670
15.070
15.470
15.870
16.270
16.680
17.080
17.470
17.870
18.260
18.670
19.060
19.460
19.860
20.260
20.640
21.040
21.440
21.840
22.240
22.630
23.030
23.430
23.830
24.220
24.620
25.020
25.410
25.800
26.200
26.580
26.980
27.390
27.780
28.180
28.570
28.960
29.360
29.750
30.130
30.530
30.930
31.320
31.700
32.110
32.510
32.910
33.300
33.680
34.070
34.460
34.830
35.210
35.600
35.990
36.360
36.740
37.130
37.510
37.900
38.280
38.670
39.060
39.440
39.840
40.230
40.620
41.000
41.400
41.780
42.160
42.540
42.930
43.320
43.710
44.090
44.470
44.860
45.240
45.630
46.020
46.410
46.800
47.180
47.570
47.950
48.340
48.730
49.110
49.500
49.890
50.260
50.660
51.040
51.430
51.820
52.220
52.620
53.010
53.400
53.800
54.190
54.580
54.970
55.370
55.770
56.160
56.550
56.950
57.350
57.740
58.140
58.530
58.930
59.330
59.730
