0.380
0.790
1.190
1.610
2.010
2.420
2.820
3.230
3.620
4.020
4.430
4.830
5.230
5.640
6.040
6.460
6.870
7.270
7.680
8.090
8.500
8.890
9.300
9.710
10.110
10.510
10.920
11.320
11.720
12.130
12.540
12.950
13.350
13.750
14.160
14.560
14.960
15.370
15.770
16.180
16.580
16.980
17.390
17.800
18.210
18.610
19.020
19.420
19.820
20.230
20.640
21.040
21.440
21.850
22.250
22.660
23.060
23.460
23.870
24.280
24.680
25.080
25.490
25.890
26.290
26.690
27.110
27.510
27.910
28.330
28.730
29.130
29.540
29.950
30.340
30.750
31.150
31.560
31.970
32.370
32.770
33.170
33.580
33.970
34.380
34.780
35.190
35.600
36.000
36.410
36.810
37.220
37.630
38.020
38.430
38.830
39.230
39.640
40.050
40.460
40.870
41.280
41.690
42.100
42.500
42.910
43.310
43.720
44.110
44.530
44.930
45.330
45.730
46.130
46.550
46.950
47.360
47.760
48.170
48.580
48.970
49.390
49.780
50.190
50.590
51.000
51.400
51.810
52.210
52.610
53.010
53.430
53.820
54.230
54.630
55.040
55.440
55.850
56.260
56.660
57.070
57.480
57.880
58.290
58.690
59.100
59.500
59.900
