0.670
1.330
2.010
2.660
3.330
4.000
4.660
5.330
6.000
6.670
7.330
8.000
8.670
9.330
10.000
10.660
11.340
12.000
12.680
13.330
14.000
14.660
15.330
16.000
16.670
17.330
18.000
18.670
19.330
20.000
20.670
21.330
22.000
22.670
23.340
24.000
24.680
25.370
26.000
26.670
27.340
28.000
28.670
29.330
30.000
30.670
31.340
32.000
32.670
33.330
34.010
34.670
35.340
36.000
36.670
37.340
38.000
38.670
39.340
40.000
40.670
41.340
42.000
42.660
43.340
44.000
44.680
45.340
46.000
46.670
47.330
48.000
48.670
49.330
50.000
50.660
51.330
52.000
52.670
53.330
54.000
54.670
55.340
56.000
56.670
57.330
58.000
58.670
59.340
60.000
