0.390
0.860
1.360
1.850
2.330
2.850
3.340
3.810
4.290
4.760
5.240
5.720
6.210
6.690
7.160
7.650
8.130
8.620
9.110
9.600
10.080
10.570
11.050
11.550
12.050
12.530
13.040
13.530
14.000
14.490
14.970
15.460
15.930
16.430
16.910
17.390
17.880
18.370
18.860
19.320
19.790
20.280
20.750
21.220
21.690
22.160
22.630
23.120
23.600
24.100
24.570
25.060
25.530
26.020
26.500
26.980
27.460
27.940
28.430
28.920
29.390
29.870
30.350
30.840
31.310
31.800
32.290
32.770
33.260
33.760
34.240
34.730
35.210
35.690
36.170
36.650
37.120
37.600
38.080
38.560
39.040
39.530
40.010
40.500
40.960
41.460
41.940
42.430
42.940
43.450
43.950
44.430
44.910
45.400
45.870
46.330
46.810
47.260
47.720
48.180
48.640
49.100
49.560
50.020
50.480
50.950
51.440
51.910
52.400
52.880
53.350
53.830
54.320
54.780
55.260
55.740
56.230
56.690
57.160
57.630
58.120
58.610
59.070
59.560
60.030
