0.090
0.700
1.350
2.000
2.680
3.350
4.030
4.680
5.340
6.020
6.690
7.340
8.000
8.660
9.350
10.010
10.680
11.360
12.030
12.690
13.360
14.020
14.690
15.350
16.000
16.660
17.340
17.990
18.660
19.320
19.990
20.660
21.320
21.990
22.660
23.330
24.000
24.660
25.340
26.000
26.660
27.330
28.020
28.680
29.340
30.010
30.670
31.350
32.020
32.690
33.360
34.020
34.680
35.350
36.010
36.670
37.340
38.000
38.690
39.360
40.010
40.680
41.350
42.010
42.670
43.340
44.020
44.670
45.360
46.020
46.690
47.350
48.020
48.700
49.370
50.020
50.690
51.350
52.020
52.680
53.360
54.020
54.690
55.340
56.010
56.680
57.350
58.000
58.660
59.340
60.000
