0.080
0.440
0.800
1.190
1.550
1.930
2.300
2.680
3.050
3.430
3.800
4.180
4.550
4.930
5.310
5.690
6.050
6.430
6.800
7.190
7.550
7.930
8.300
8.680
9.050
9.430
9.800
10.190
10.550
10.930
11.300
11.690
12.050
12.430
12.800
13.180
13.550
13.930
14.300
14.680
15.050
15.440
15.800
16.180
16.550
16.930
17.300
17.690
18.050
18.440
18.800
19.190
19.550
19.930
20.300
20.680
21.050
21.430
21.800
22.190
22.550
22.930
23.300
23.690
24.050
24.430
24.800
25.180
25.550
25.930
26.300
26.680
27.050
27.430
27.800
28.190
28.550
28.930
29.300
29.680
30.050
30.440
30.800
31.180
31.550
31.930
32.300
32.680
33.050
33.440
33.800
34.180
34.550
34.930
35.300
35.700
36.050
36.430
36.800
37.180
37.550
37.930
38.300
38.680
39.050
39.440
39.800
40.180
40.550
40.930
41.300
41.680
42.050
42.440
42.800
43.180
43.560
43.930
44.300
44.680
45.050
45.430
45.800
46.180
46.550
46.930
47.300
47.690
48.060
48.440
48.800
49.180
49.550
49.930
50.300
50.680
51.050
51.440
51.800
52.180
52.550
52.930
53.300
53.680
54.050
54.430
54.810
55.190
55.560
55.930
56.300
56.680
57.050
57.430
57.800
58.180
58.550
58.920
59.300
59.690
60.060
