0.340
0.730
1.140
1.540
1.940
2.330
2.740
3.140
3.540
3.930
4.340
4.750
5.140
5.540
5.940
6.340
6.740
7.130
7.540
7.940
8.330
8.730
9.130
9.530
9.930
10.330
10.730
11.130
11.530
11.930
12.330
12.730
13.130
13.530
13.930
14.330
14.730
15.130
15.530
15.930
16.330
16.730
17.130
17.530
17.930
18.340
18.730
19.130
19.530
19.930
20.330
20.730
21.130
21.530
21.930
22.340
22.730
23.130
23.530
23.930
24.330
24.730
25.130
25.530
25.930
26.330
26.730
27.130
27.530
27.930
28.330
28.730
29.130
29.530
29.930
