0.190
0.580
0.960
1.350
1.730
2.120
2.500
2.890
3.270
3.660
4.040
4.430
4.810
5.190
5.580
5.960
6.350
6.730
7.120
7.500
7.880
8.270
8.660
9.040
9.410
9.810
10.200
10.580
10.960
11.350
11.740
12.120
12.510
12.890
13.270
13.650
14.040
14.430
14.810
15.200
15.580
15.960
16.350
16.730
17.120
17.500
17.890
18.270
18.660
19.040
19.430
19.800
20.190
20.580
20.960
21.350
21.730
22.120
22.500
22.890
23.270
23.660
24.040
24.430
24.810
25.200
25.580
25.960
26.350
26.730
27.120
27.500
27.890
28.270
28.660
29.040
29.430
29.810
