0.340
0.770
1.210
1.650
2.080
2.520
2.940
3.380
3.820
4.260
4.690
5.130
5.560
5.990
6.420
6.860
7.300
7.730
8.170
8.610
9.040
9.470
9.910
10.340
10.770
11.210
11.640
12.080
12.510
12.950
13.380
13.820
14.250
14.690
15.120
15.560
15.990
16.430
16.860
17.290
17.730
18.160
18.600
19.040
19.470
19.900
20.330
20.770
21.210
21.640
22.080
22.510
22.950
23.380
23.820
24.250
24.690
25.120
25.560
25.990
26.430
26.860
27.290
27.730
28.160
28.600
29.040
29.470
29.910
30.340
30.770
31.210
31.650
32.080
32.520
32.950
33.380
33.820
34.250
34.690
35.120
35.560
35.990
36.430
36.860
37.300
37.730
38.160
38.600
39.040
39.470
39.910
40.340
40.780
41.210
41.640
42.080
42.520
42.950
43.390
43.820
44.260
44.690
45.120
45.560
45.990
46.430
46.860
47.300
47.730
48.160
48.600
49.040
49.470
49.910
50.340
50.780
51.210
51.640
52.080
52.510
52.950
53.390
53.820
54.250
54.690
55.120
55.560
55.990
56.430
56.860
57.300
57.730
58.170
58.600
59.040
59.470
59.910
