0.270
0.630
1.000
1.360
1.730
2.090
2.460
2.810
3.180
3.540
3.910
4.270
4.630
5.000
5.360
5.730
6.090
6.450
6.810
7.180
7.540
7.910
8.280
8.650
9.010
9.380
9.750
10.100
10.460
10.830
11.190
11.550
11.920
12.270
12.630
13.000
13.360
13.730
14.100
14.460
14.820
15.190
15.550
15.910
16.280
16.660
17.030
17.380
17.740
18.100
18.460
18.830
19.190
19.560
19.920
20.280
20.650
21.020
21.380
21.740
22.110
22.470
22.830
23.200
23.560
23.920
24.290
24.650
25.020
25.400
25.760
26.120
26.480
26.850
27.210
27.580
27.940
28.310
28.660
29.030
29.390
29.750
30.110
30.480
30.840
31.210
31.570
31.930
32.300
32.670
33.020
33.390
33.750
34.130
34.480
34.860
35.360
35.930
36.670
37.420
38.130
38.860
39.570
40.290
41.010
41.740
42.460
43.220
43.950
44.680
45.380
46.120
46.840
47.550
48.270
49.010
49.730
50.450
51.180
51.920
52.650
53.370
54.090
54.840
55.550
56.280
56.980
57.710
58.460
59.180
59.900
