0.100
0.540
0.960
1.390
1.820
2.240
2.650
3.070
3.490
3.910
4.330
4.740
5.160
5.580
6.000
6.420
6.840
7.260
7.680
8.100
8.530
8.950
9.380
9.800
10.220
10.630
11.050
11.450
11.870
12.300
12.720
13.140
13.560
13.980
14.400
14.830
15.250
15.670
16.080
16.500
16.930
17.340
17.760
18.180
18.620
19.050
19.470
19.890
20.310
20.730
21.150
21.570
21.990
22.420
22.840
23.260
23.680
24.100
24.520
24.940
25.360
25.780
26.200
26.620
27.050
27.470
27.890
28.310
28.730
29.160
29.580
30.000
30.430
30.840
31.260
31.680
32.100
32.520
32.950
33.350
33.780
34.200
34.620
35.010
35.430
35.850
36.280
36.700
37.120
37.540
37.970
38.390
38.820
39.240
39.660
40.080
40.510
40.940
41.350
41.770
42.200
42.620
43.040
43.460
43.870
44.300
44.700
45.120
45.540
45.960
46.390
46.800
47.220
47.640
48.060
48.480
48.900
49.320
49.750
50.170
50.590
51.010
51.420
51.820
52.240
52.660
53.090
53.500
53.930
54.340
54.770
55.190
55.610
56.030
56.440
56.840
57.220
57.610
57.990
58.380
58.790
59.230
59.640
60.050
