0.630
1.400
2.160
2.920
3.720
4.470
5.330
6.130
6.950
7.750
8.560
9.370
10.160
10.960
11.720
12.530
13.320
14.110
14.920
15.720
16.510
17.310
18.100
18.920
19.710
20.460
21.220
21.990
22.770
23.540
24.310
25.090
25.870
26.660
27.450
28.230
29.010
29.780
30.550
31.310
32.090
32.870
33.620
34.410
35.190
35.970
36.750
37.510
38.280
39.040
39.810
40.560
41.320
42.080
42.830
43.590
44.340
45.090
45.850
46.630
47.390
48.160
48.910
49.670
50.420
51.190
51.940
52.710
53.470
54.220
54.960
55.720
56.460
57.210
57.950
58.720
59.480
