0.000
0.390
0.780
1.170
1.550
1.940
2.320
2.710
3.100
3.490
3.880
4.260
4.650
5.040
5.420
5.810
6.200
6.590
6.980
7.360
7.750
8.130
8.520
8.910
9.300
9.680
10.070
10.450
10.840
11.230
11.620
12.000
12.390
12.780
13.170
13.550
13.930
14.320
14.710
15.100
15.490
15.880
16.260
16.650
17.040
17.420
17.810
18.200
18.590
18.970
19.360
19.750
20.130
20.520
20.910
21.300
21.680
22.070
22.460
22.840
23.230
23.620
24.010
24.390
24.780
25.170
25.560
25.940
26.330
26.710
27.100
27.490
27.880
28.270
28.650
29.040
29.430
29.810
30.200
30.590
30.970
31.360
31.750
32.140
32.520
32.910
33.300
33.680
34.070
34.460
34.850
35.230
35.620
36.000
36.390
36.780
37.170
37.550
37.940
38.330
38.720
39.090
39.490
39.880
40.260
40.660
41.040
41.420
41.810
42.200
42.590
42.970
43.360
43.750
44.130
44.520
44.910
45.300
45.680
46.070
46.460
46.850
47.230
47.620
48.000
48.390
48.780
49.160
49.550
49.940
50.330
50.710
51.100
51.490
51.870
52.250
52.640
53.030
53.420
53.810
54.190
54.580
54.960
55.360
55.740
56.130
56.520
56.910
57.290
57.680
58.060
58.450
58.830
59.220
59.610
59.990
