0.130
0.510
0.920
1.330
1.720
2.130
2.510
2.930
3.320
3.710
4.120
4.520
4.910
5.310
5.710
6.120
6.520
6.930
7.310
7.710
8.120
8.510
8.920
9.320
9.720
10.130
10.510
10.920
11.310
11.720
12.120
12.530
12.920
13.320
13.720
14.120
14.530
14.920
15.310
15.720
16.120
16.520
16.910
17.310
17.720
18.120
18.520
18.920
19.320
19.710
20.110
20.510
20.910
21.310
21.710
22.120
22.520
22.920
23.320
23.710
24.120
24.510
24.910
25.320
25.720
26.120
26.520
26.920
27.320
27.720
28.120
28.520
28.920
29.320
29.720
