0.530
1.240
1.980
2.690
3.420
4.140
4.870
5.590
6.310
7.030
7.760
8.490
9.200
9.920
10.650
11.380
12.100
12.810
13.540
14.270
14.990
15.700
16.430
17.160
17.880
18.600
19.330
20.050
20.770
21.480
22.210
22.940
23.660
24.380
25.100
25.840
26.550
27.270
28.000
28.730
29.440
30.160
30.880
31.620
32.340
33.050
33.780
34.510
35.230
35.940
36.680
37.400
38.120
38.840
39.570
40.290
41.010
41.730
42.460
43.180
43.900
44.630
45.340
46.050
46.790
47.510
48.240
48.970
49.680
50.400
51.130
51.860
52.570
53.290
54.020
54.750
55.470
56.190
56.920
57.640
58.360
59.080
59.810
