0.330
0.710
1.080
1.450
1.810
2.170
2.530
2.890
3.250
3.620
3.980
4.330
4.690
5.070
5.420
5.790
6.150
6.510
6.850
7.220
7.550
7.920
8.280
8.630
8.980
9.370
9.740
10.130
10.510
10.900
11.290
11.690
12.070
12.450
12.830
13.210
13.560
13.950
14.300
14.660
15.020
15.390
15.770
16.140
16.500
16.870
17.230
17.600
17.970
18.330
18.690
19.050
19.430
19.800
20.180
20.550
20.900
21.270
21.640
22.000
22.370
22.730
23.090
23.440
23.820
24.180
24.560
24.920
25.270
25.620
26.000
26.350
26.710
27.080
27.440
27.810
28.190
28.550
28.920
29.280
29.650
29.990
