0.290
0.750
1.190
1.640
2.080
2.530
2.980
3.430
3.880
4.330
4.770
5.220
5.670
6.130
6.570
7.030
7.480
7.920
8.370
8.810
9.250
9.690
10.150
10.610
11.060
11.510
11.960
12.410
12.860
13.320
13.760
14.210
14.650
15.110
15.550
15.990
16.440
16.890
17.340
17.790
18.240
18.690
19.130
19.580
20.030
20.480
20.930
21.380
21.830
22.290
22.730
23.170
23.620
24.080
24.530
24.980
25.430
25.880
26.320
26.770
27.210
27.660
28.110
28.540
28.990
29.440
29.880
30.320
30.770
31.230
31.670
32.120
32.570
33.010
33.450
33.900
34.340
34.790
35.240
35.690
36.130
36.580
37.020
37.470
37.910
38.360
38.810
39.270
39.710
40.170
40.610
41.060
41.510
41.960
42.400
42.850
43.300
43.750
44.190
44.630
45.080
45.530
45.970
46.420
46.870
47.320
47.760
48.210
48.660
49.110
49.550
50.010
50.450
50.900
51.340
51.790
52.240
52.680
53.130
53.590
54.030
54.480
54.920
55.370
55.810
56.260
56.710
57.160
57.610
58.050
58.500
58.940
59.380
59.830
