0.300
0.880
1.440
2.000
2.550
3.110
3.670
4.220
4.780
5.330
5.900
6.450
7.000
7.570
8.120
8.680
9.230
9.790
10.350
10.910
11.470
12.020
12.580
13.130
13.700
14.250
14.820
15.370
15.920
16.480
17.040
17.600
18.140
18.700
19.260
19.820
20.380
20.940
21.490
22.050
22.600
23.160
23.720
24.270
24.820
25.390
25.950
26.500
27.060
27.600
28.170
28.730
29.280
29.840
30.410
30.960
31.510
32.070
32.630
33.180
33.740
34.300
34.860
35.410
35.970
36.530
37.080
37.640
38.190
38.750
39.310
39.870
40.420
40.980
41.550
42.090
42.650
43.210
43.760
44.320
44.880
45.440
46.000
46.540
47.100
47.660
48.220
48.780
49.330
49.890
50.440
51.000
51.560
52.120
52.680
53.240
53.790
54.340
54.900
55.460
56.020
56.580
57.130
57.690
58.250
58.800
59.360
59.910
