0.080
0.430
0.800
1.170
1.540
1.920
2.290
2.660
3.030
3.400
3.780
4.150
4.520
4.900
5.270
5.640
6.020
6.390
6.760
7.120
7.500
7.870
8.250
8.620
8.990
9.360
9.730
10.110
10.480
10.860
11.220
11.600
11.970
12.350
12.720
13.100
13.480
13.840
14.210
14.580
14.950
15.330
15.710
16.070
16.450
16.820
17.190
17.570
17.940
18.310
18.680
19.060
19.430
19.800
20.180
20.540
20.910
21.300
21.670
22.040
22.410
22.780
23.150
23.530
23.900
24.280
24.650
25.020
25.390
25.780
26.150
26.510
26.890
27.260
27.620
28.010
28.380
28.750
29.130
29.490
29.860
