0.340
0.950
1.510
2.100
2.680
3.270
3.850
4.450
5.020
5.600
6.180
6.770
7.340
7.930
8.540
9.120
9.700
10.300
10.860
11.450
12.030
12.630
13.210
13.790
14.360
14.960
15.530
16.120
16.710
17.300
17.870
18.470
19.080
19.670
20.230
20.810
21.400
21.980
22.570
23.150
23.750
24.320
24.920
25.490
26.070
26.650
27.240
27.820
28.420
29.020
29.590
30.160
30.760
31.330
31.930
32.510
33.100
33.700
34.290
34.870
35.450
36.040
36.630
37.220
37.800
38.380
38.970
39.560
40.140
40.730
41.310
41.890
42.480
43.060
43.650
44.250
44.830
45.410
46.010
46.580
47.170
47.780
48.350
48.930
49.530
50.120
50.710
51.310
51.890
52.460
53.050
53.630
54.230
54.830
55.410
56.000
56.590
57.190
57.780
58.370
58.950
59.550
