0.080
0.740
1.400
2.100
2.810
3.490
4.170
4.850
5.510
6.210
6.890
7.580
8.250
8.940
9.630
10.320
11.020
11.690
12.370
13.050
13.730
14.410
15.090
15.770
16.450
17.140
17.810
18.510
19.180
19.870
20.530
21.240
21.920
22.610
23.290
23.970
24.640
25.330
26.010
26.700
27.370
28.060
28.730
29.420
30.100
30.790
31.480
32.170
32.840
33.530
34.190
34.870
35.560
36.250
36.930
37.610
38.310
38.980
39.670
40.340
41.030
41.710
42.400
43.080
43.760
44.440
45.120
45.810
46.500
47.170
47.860
48.530
49.230
49.900
50.590
51.270
51.950
52.630
53.320
54.000
54.680
55.370
56.040
56.730
57.420
58.100
58.790
59.460
