0.240
0.560
0.890
1.230
1.570
1.900
2.230
2.570
2.900
3.230
3.570
3.890
4.220
4.550
4.890
5.210
5.560
5.890
6.230
6.550
6.890
7.210
7.540
7.860
8.190
8.510
8.850
9.170
9.510
9.830
10.170
10.490
10.820
11.150
11.490
11.810
12.140
12.470
12.800
13.130
13.460
13.780
14.120
14.440
14.780
15.100
15.430
15.760
16.100
16.430
16.760
17.090
17.420
17.750
18.090
18.410
18.740
19.060
19.400
19.720
20.050
20.380
20.710
21.030
21.380
21.700
22.030
22.350
22.700
23.020
23.350
23.670
24.010
24.330
24.680
25.000
25.340
25.670
26.000
26.320
26.660
26.990
27.320
27.640
27.980
28.300
28.640
28.960
29.290
29.620
29.950
30.280
30.620
30.940
31.280
31.600
31.930
32.260
32.590
32.910
33.250
33.580
33.910
34.230
34.570
34.880
35.180
35.480
35.770
36.070
36.380
36.710
37.030
37.360
37.690
38.010
38.340
38.670
38.990
39.330
39.670
39.990
40.320
40.650
40.990
41.310
41.640
41.970
42.310
42.640
42.970
43.300
43.630
43.950
44.280
44.610
44.940
45.270
45.600
45.930
46.250
46.590
46.920
47.240
47.550
47.840
48.150
48.440
48.740
49.060
49.390
49.730
50.050
50.380
50.720
51.050
51.370
51.700
52.030
52.360
52.690
53.020
53.340
53.680
54.010
54.340
54.660
54.990
55.330
55.660
55.980
56.320
56.650
56.980
57.300
57.640
57.960
58.300
58.620
58.950
59.280
59.610
59.940
