0.320
0.760
1.210
1.650
2.090
2.530
2.970
3.410
3.850
4.300
4.740
5.170
5.620
6.060
6.500
6.940
7.380
7.830
8.270
8.710
9.150
9.590
10.030
10.470
10.910
11.360
11.800
12.240
12.690
13.130
13.570
14.010
14.460
14.890
15.340
15.780
16.220
16.660
17.090
17.550
17.980
18.430
18.860
19.310
19.770
20.200
20.640
21.080
21.530
21.970
22.400
22.850
23.300
23.730
24.170
24.620
25.060
25.500
25.940
26.390
26.830
27.270
27.710
28.150
28.600
29.040
29.480
29.920
30.360
30.800
31.240
31.690
32.120
32.570
33.010
33.450
33.890
34.330
34.780
35.220
35.660
36.100
36.540
36.980
37.420
37.870
38.300
38.750
39.190
39.630
40.070
40.510
40.950
41.400
41.830
42.280
42.720
43.160
43.600
44.040
44.480
44.930
45.370
45.810
46.250
46.690
47.130
47.570
48.020
48.460
48.900
49.340
49.780
50.220
50.660
51.100
51.550
51.990
52.430
52.870
53.310
53.750
54.190
54.640
55.080
55.520
55.960
56.400
56.840
57.280
57.730
58.170
58.610
59.050
59.490
59.930
