0.310
1.030
1.800
2.540
3.250
3.980
4.720
5.460
6.200
6.930
7.680
8.450
9.170
9.900
10.650
11.370
12.130
12.880
13.600
14.350
15.090
15.830
16.560
17.300
18.030
18.750
19.480
20.210
20.960
21.690
22.440
23.190
23.920
24.670
25.380
26.130
26.890
27.620
28.370
29.090
29.830
30.550
31.280
32.000
32.730
33.460
34.190
34.900
35.630
36.360
37.090
37.820
38.540
39.280
40.010
40.740
41.490
42.220
42.930
43.660
44.400
45.120
45.850
46.600
47.350
48.160
48.970
49.750
50.550
51.310
52.060
52.810
53.520
54.230
54.960
55.670
56.380
57.140
57.860
58.590
59.320
60.070
