0.100
0.600
1.120
1.630
2.150
2.640
3.170
3.720
4.240
4.760
5.290
5.820
6.330
6.850
7.370
7.890
8.400
8.910
9.430
9.930
10.450
10.960
11.480
12.040
12.560
13.080
13.590
14.110
14.630
15.150
15.670
16.200
16.710
17.230
17.750
18.280
18.790
19.310
19.830
20.350
20.860
21.390
21.900
22.430
22.940
23.460
23.980
24.490
25.020
25.540
26.060
26.580
27.100
27.620
28.140
28.650
29.170
29.700
30.220
30.740
31.250
31.770
32.290
32.820
33.330
33.850
34.380
34.890
35.400
35.920
36.440
36.960
37.480
38.010
38.530
39.050
39.570
40.100
40.610
41.130
41.640
42.170
42.690
43.210
43.710
44.240
44.760
45.290
45.800
46.320
46.840
47.370
47.880
48.400
48.920
49.440
49.950
50.470
51.000
51.520
52.030
52.560
53.080
53.600
54.120
54.640
55.170
55.680
56.220
56.730
57.250
57.760
58.280
58.800
59.320
59.840
