0.130
0.530
0.930
1.320
1.720
2.110
2.500
2.890
3.290
3.690
4.080
4.480
4.870
5.270
5.670
6.060
6.450
6.850
7.240
7.630
8.030
8.420
8.830
9.220
9.610
10.000
10.400
10.790
11.190
11.580
11.990
12.380
12.770
13.160
13.550
13.950
14.350
14.740
15.140
15.530
15.920
16.320
16.710
17.110
17.500
17.900
18.300
18.690
19.080
19.480
19.870
20.270
20.660
21.060
21.460
21.850
22.240
22.640
23.030
23.430
23.820
24.210
24.620
25.010
25.400
25.790
26.180
26.580
26.970
27.380
27.770
28.170
28.560
28.950
29.340
29.740
30.130
30.520
30.930
31.320
31.700
32.110
32.500
32.900
33.290
33.690
34.090
34.480
34.870
35.270
35.660
36.060
36.450
36.850
37.250
37.640
38.030
38.430
38.820
39.210
39.610
40.010
40.410
40.800
41.190
41.580
41.970
42.370
42.770
43.160
43.560
43.950
44.340
44.730
45.130
45.530
45.920
46.320
46.730
47.110
47.510
47.900
48.300
48.700
49.080
49.480
49.870
50.260
50.660
51.060
51.450
51.850
52.230
52.620
53.030
53.420
53.820
54.220
54.610
55.010
55.400
55.790
56.190
56.580
56.970
57.370
57.760
58.160
58.550
58.950
59.350
59.750
