0.560
1.350
2.120
2.910
3.680
4.470
5.260
6.030
6.800
7.600
8.390
9.170
9.930
10.700
11.470
12.240
13.000
13.770
14.530
15.310
16.080
16.850
17.610
18.400
19.160
19.920
20.680
21.460
22.200
22.970
23.720
24.490
25.230
25.990
26.730
27.480
28.240
28.950
29.710
30.450
31.210
31.960
32.700
33.440
34.180
34.920
35.690
36.470
37.260
38.010
38.770
39.520
40.280
41.080
41.840
42.590
43.360
44.120
44.880
45.650
46.400
47.130
47.870
48.610
49.400
50.140
50.900
51.670
52.430
53.180
53.970
54.730
55.490
56.250
57.010
57.800
58.570
59.320
60.080
