0.200
0.620
1.030
1.450
1.870
2.280
2.700
3.110
3.530
3.950
4.370
4.780
5.200
5.620
6.040
6.450
6.870
7.280
7.700
8.110
8.530
8.960
9.370
9.790
10.200
10.630
11.040
11.470
11.870
12.300
12.720
13.140
13.550
13.980
14.390
14.820
15.240
15.660
16.080
16.500
16.920
17.340
17.760
18.180
18.610
19.020
19.440
19.860
20.280
20.700
21.120
21.540
21.960
22.370
22.790
23.210
23.620
24.040
24.460
24.880
25.290
25.710
26.130
26.540
26.960
27.370
27.790
28.210
28.620
29.040
29.460
29.870
30.290
30.710
31.120
31.540
31.960
32.370
32.790
33.220
33.640
34.050
34.470
34.870
35.290
35.710
36.130
36.540
36.970
37.380
37.790
38.210
38.620
39.040
39.460
39.870
40.290
40.710
41.130
41.540
41.960
42.370
42.790
43.210
43.630
44.040
44.460
44.880
45.290
45.700
46.130
46.540
46.960
47.370
47.790
48.210
48.630
49.100
49.580
50.080
50.540
51.030
51.500
52.000
52.480
52.960
53.430
53.920
54.390
54.870
55.340
55.820
56.310
56.800
57.260
57.760
58.230
58.700
59.180
59.680
