0.280
0.750
1.210
1.670
2.130
2.590
3.050
3.520
3.970
4.430
4.900
5.370
5.820
6.280
6.750
7.210
7.660
8.130
8.590
9.050
9.510
9.970
10.430
10.900
11.350
11.810
12.280
12.740
13.200
13.660
14.120
14.580
15.040
15.500
15.970
16.430
16.890
17.350
17.810
18.270
18.730
19.190
19.650
20.120
20.580
21.040
21.500
21.960
22.420
22.870
23.340
23.810
24.270
24.720
25.190
25.650
26.110
26.570
27.030
27.490
27.950
28.410
28.870
29.340
29.800
30.260
30.720
31.180
31.640
32.100
32.570
33.020
33.480
33.950
34.410
34.870
35.330
35.790
36.250
36.710
37.180
37.640
38.100
38.560
39.020
39.480
39.930
40.400
40.860
41.320
41.790
42.250
42.710
43.170
43.630
44.090
44.550
45.010
45.480
45.940
46.400
46.860
47.320
47.780
48.240
48.700
49.160
49.630
50.090
50.550
51.010
51.470
51.930
52.390
52.850
53.310
53.770
54.230
54.700
55.160
55.610
56.080
56.540
57.000
57.460
57.920
58.390
58.850
59.310
59.760
