0.180
0.560
0.930
1.300
1.670
2.050
2.420
2.800
3.180
3.550
3.930
4.310
4.680
5.060
5.430
5.800
6.180
6.550
6.930
7.300
7.680
8.050
8.430
8.800
9.180
9.550
9.930
10.310
10.680
11.050
11.430
11.810
12.180
12.550
12.930
13.300
13.680
14.050
14.430
14.800
15.180
15.550
15.930
16.310
16.680
17.050
17.430
17.800
18.180
18.560
18.930
19.310
19.680
20.050
20.430
20.800
21.180
21.550
21.930
22.310
22.680
23.060
23.430
23.820
24.180
24.560
24.930
25.300
25.680
26.050
26.430
26.810
27.180
27.550
27.930
28.300
28.680
29.050
29.430
29.810
