0.160
0.650
1.150
1.640
2.130
2.620
3.110
3.600
4.090
4.590
5.090
5.570
6.060
6.550
7.040
7.530
8.030
8.520
9.010
9.500
9.990
10.490
10.980
11.470
11.960
12.450
12.940
13.440
13.930
14.420
14.910
15.400
15.900
16.390
16.880
17.370
17.860
18.360
18.850
19.340
19.830
20.320
20.820
21.310
21.800
22.290
22.790
23.280
23.770
24.260
24.760
25.240
25.740
26.230
26.720
27.210
27.700
28.190
28.680
29.170
29.670
30.150
30.650
31.150
31.630
32.130
32.620
33.110
33.600
34.090
34.590
35.080
35.550
36.050
36.540
37.040
37.530
38.020
38.500
39.000
39.490
39.990
40.490
40.980
41.470
41.960
42.460
42.940
43.430
43.920
44.420
44.910
45.400
45.890
46.380
46.880
47.370
47.860
48.350
48.850
49.340
49.810
50.310
50.800
51.300
51.790
52.290
52.780
53.270
53.760
54.250
54.740
55.230
55.720
56.220
56.700
57.200
57.690
58.180
58.670
59.170
59.660
