0.140
0.640
1.170
1.650
2.170
2.670
3.210
3.710
4.220
4.720
5.240
5.740
6.270
6.780
7.300
7.820
8.340
8.850
9.370
9.880
10.400
10.920
11.440
11.960
12.480
12.980
13.510
14.000
14.520
15.020
15.550
16.060
16.580
17.080
17.610
18.110
18.630
19.130
19.650
20.160
20.690
21.200
21.720
22.230
22.750
23.250
23.770
24.270
24.790
25.270
25.800
26.290
26.810
27.320
27.840
28.350
28.860
29.370
29.890
30.390
30.910
31.410
31.910
32.420
32.920
33.430
33.940
34.460
34.980
35.490
36.010
36.510
37.030
37.540
38.070
38.580
39.090
39.600
40.130
40.620
41.140
41.650
42.180
42.680
43.200
43.720
44.250
44.760
45.270
45.780
46.300
46.790
47.310
47.820
48.350
48.840
49.370
49.890
50.410
50.910
51.430
51.950
52.480
52.990
53.500
54.020
54.540
55.040
55.560
56.060
56.580
57.090
57.610
58.110
58.650
59.160
59.670
