0.510
1.140
1.770
2.410
3.030
3.660
4.290
4.920
5.560
6.190
6.830
7.460
8.100
8.740
9.390
10.020
10.670
11.300
11.940
12.580
13.230
13.880
14.490
15.130
15.750
16.400
17.060
17.700
18.310
18.970
19.600
20.240
20.870
21.470
22.060
22.630
23.250
23.900
24.520
25.140
25.770
26.380
26.990
27.640
28.260
28.880
29.520
30.140
30.780
31.390
32.020
32.660
33.280
33.910
34.550
35.180
35.800
36.430
37.060
37.700
38.340
38.960
39.600
40.220
40.850
41.470
42.090
42.730
43.360
43.990
44.610
45.240
45.870
46.490
47.120
47.750
48.400
49.020
49.660
50.280
50.920
51.540
52.170
52.820
53.450
54.080
54.700
55.330
55.950
56.590
57.220
57.840
58.500
59.130
59.770
