0.330
0.710
1.090
1.460
1.850
2.230
2.610
2.990
3.380
3.760
4.140
4.520
4.910
5.290
5.670
6.050
6.430
6.810
7.200
7.570
7.970
8.360
8.730
9.110
9.500
9.890
10.270
10.650
11.030
11.410
11.790
12.180
12.570
12.940
13.320
13.700
14.080
14.460
14.840
15.220
15.610
15.990
16.360
16.750
17.140
17.520
17.900
18.290
18.670
19.050
19.430
19.800
20.200
20.540
20.850
21.170
21.550
21.950
22.310
22.700
23.080
23.470
23.830
24.220
24.600
24.980
25.360
25.750
26.140
26.530
26.890
27.270
27.670
28.050
28.430
28.800
29.190
29.570
29.950
