0.290
0.740
1.220
1.670
2.140
2.620
3.100
3.560
4.030
4.510
4.980
5.450
5.910
6.390
6.850
7.310
7.800
8.270
8.730
9.220
9.690
10.160
10.630
11.100
11.580
12.060
12.540
13.010
13.470
13.950
14.420
14.890
15.360
15.820
16.290
16.760
17.230
17.690
18.170
18.630
19.110
19.590
20.070
20.540
21.010
21.480
21.950
22.400
22.880
23.350
23.810
24.280
24.740
25.210
25.680
26.150
26.620
27.090
27.550
28.020
28.480
28.950
29.410
29.870
30.340
30.790
31.260
31.710
32.180
32.640
33.130
33.610
34.080
34.550
35.020
35.490
35.970
36.440
36.900
37.380
37.850
38.320
38.800
39.280
39.750
40.220
40.690
41.160
41.640
42.110
42.580
43.060
43.530
44.000
44.470
44.940
45.390
45.860
46.330
46.810
47.280
47.750
48.230
48.690
49.160
49.630
50.110
50.580
51.050
51.520
51.990
52.450
52.920
53.390
53.860
54.320
54.790
55.250
55.710
56.180
56.640
57.110
57.580
58.050
58.510
58.960
59.410
59.870
