0.000
0.660
1.330
2.000
2.660
3.340
3.990
4.670
5.330
6.000
6.660
7.340
8.000
8.670
9.330
10.000
10.660
11.330
12.000
12.670
13.330
14.000
14.660
15.340
16.000
16.670
17.330
18.010
18.660
19.340
20.000
20.670
21.330
22.010
22.670
23.340
24.000
24.670
25.330
26.010
26.670
27.340
28.000
28.680
29.330
30.000
30.660
31.340
32.000
32.670
33.330
34.010
34.670
35.340
36.000
36.670
37.330
38.000
38.670
39.340
40.000
40.670
41.330
42.010
42.670
43.340
44.000
44.670
45.330
46.010
46.670
47.340
48.000
48.670
49.330
50.010
50.670
51.340
52.000
52.670
53.330
54.010
54.670
55.340
56.000
56.670
57.330
58.010
58.670
59.340
60.000
