0.130
0.540
0.940
1.330
1.740
2.140
2.530
2.930
3.330
3.730
4.130
4.530
4.920
5.350
5.760
6.170
6.580
6.970
7.390
7.800
8.230
8.650
9.050
9.460
9.850
10.260
10.660
11.060
11.470
11.870
12.260
12.670
13.060
13.470
13.860
14.260
14.660
15.060
15.460
15.860
16.270
16.680
17.080
17.480
17.870
18.280
18.690
19.080
19.480
19.890
20.280
20.690
21.090
21.490
21.890
22.290
22.680
23.070
23.460
23.860
24.250
24.640
25.050
25.450
25.850
26.240
26.640
27.020
27.410
27.800
28.200
28.600
28.990
29.410
29.790
30.190
30.590
30.990
31.390
31.780
32.170
32.550
32.940
33.350
33.760
34.150
34.550
34.940
35.330
35.720
36.090
36.490
36.890
37.290
37.680
38.080
38.460
38.860
39.240
39.630
40.030
40.430
40.810
41.220
41.610
42.010
42.410
42.810
43.200
43.600
43.990
44.380
44.770
45.170
45.550
45.960
46.350
46.760
47.160
47.560
47.950
48.330
48.730
49.130
49.510
49.910
50.350
50.770
51.190
51.590
52.010
52.430
52.840
53.260
53.660
54.070
54.480
54.890
55.290
55.690
56.090
56.490
56.890
57.300
57.700
58.110
58.510
58.910
59.310
59.710
