0.130
0.470
0.800
1.150
1.480
1.840
2.160
2.510
2.850
3.190
3.530
3.880
4.210
4.550
4.890
5.250
5.590
5.930
6.290
6.640
6.980
7.330
7.680
8.020
8.360
8.690
9.040
9.400
9.750
10.100
10.460
10.810
11.160
11.510
11.850
12.190
12.540
12.870
13.210
13.560
13.920
14.280
14.630
14.980
15.310
15.680
16.020
16.370
16.700
17.050
17.410
17.760
18.110
18.460
18.800
19.150
19.500
19.840
20.190
20.520
20.880
21.220
21.560
21.910
22.250
22.610
22.950
23.300
23.660
24.000
24.360
24.700
25.050
25.410
25.750
26.100
26.440
26.800
27.140
27.490
27.840
28.190
28.540
28.880
29.240
29.600
29.940
30.280
30.630
30.970
31.320
31.660
32.000
32.350
32.690
33.030
