0.540
1.190
1.830
2.480
3.120
3.760
4.410
5.050
5.700
6.350
6.990
7.630
8.280
8.930
9.560
10.220
10.830
11.470
12.150
12.800
13.440
14.080
14.730
15.380
16.020
16.670
17.310
17.960
18.600
19.250
19.890
20.540
21.180
21.830
22.470
23.120
23.760
24.400
25.050
25.700
26.340
26.990
27.640
28.280
28.920
29.580
30.210
30.860
31.510
32.150
32.800
33.440
34.080
34.730
35.370
36.020
36.670
37.320
37.950
38.600
39.250
39.900
40.540
41.180
41.830
42.470
43.120
43.770
44.410
45.050
45.700
46.340
46.990
47.640
48.280
48.920
49.570
50.220
50.850
51.510
52.150
52.800
53.440
54.090
54.730
55.370
56.020
56.670
57.310
57.950
58.590
59.250
59.890
