0.160
0.530
0.890
1.260
1.630
1.990
2.360
2.710
3.070
3.440
3.820
4.170
4.540
4.900
5.270
5.620
5.990
6.360
6.730
7.080
7.450
7.810
8.180
8.530
8.900
9.270
9.640
9.990
10.350
10.720
11.090
11.440
11.810
12.170
12.530
12.900
13.270
13.620
13.990
14.350
14.730
15.090
15.460
15.830
16.210
16.570
16.940
17.300
17.650
18.020
18.370
18.720
19.090
19.450
19.810
20.170
20.530
20.900
21.270
21.620
21.990
22.360
22.720
23.070
23.450
23.820
24.190
24.530
24.900
25.260
25.630
25.980
26.350
26.720
27.090
27.440
27.820
28.170
28.540
28.900
29.290
29.650
30.010
