0.320
1.070
1.810
2.570
3.310
4.070
4.820
5.580
6.330
7.090
7.830
8.590
9.330
10.080
10.830
11.590
12.330
13.080
13.820
14.590
15.340
16.090
16.840
17.600
18.340
19.100
19.840
20.590
21.330
22.090
22.830
23.590
24.330
25.090
25.850
26.620
27.370
28.120
28.860
29.610
30.360
31.110
31.850
32.600
33.360
34.110
34.860
35.610
36.350
37.110
37.850
38.610
39.370
40.110
40.860
41.620
42.370
43.110
43.860
44.610
45.360
46.120
46.860
47.620
48.370
49.120
49.860
50.630
51.370
52.130
52.870
53.620
54.360
55.110
55.860
56.610
57.370
58.120
58.870
59.620
