0.140
0.860
1.570
2.270
2.980
3.700
4.390
5.110
5.820
6.520
7.210
7.910
8.600
9.310
10.010
10.720
11.420
12.140
12.850
13.560
14.250
14.960
15.660
16.380
17.080
17.790
18.490
19.210
19.900
20.610
21.320
22.030
22.740
23.450
24.160
24.860
25.560
26.270
26.970
27.680
28.390
29.110
29.810
30.520
31.230
31.930
32.640
33.360
34.060
34.770
35.470
36.180
36.880
37.600
38.310
39.010
39.700
40.410
41.110
41.800
42.500
43.210
43.920
44.640
45.330
46.040
46.740
47.450
48.150
48.850
49.560
50.260
50.970
51.680
52.390
53.100
53.810
54.520
55.220
55.920
56.620
57.320
58.010
58.730
59.420
