0.190
0.510
0.830
1.150
1.480
1.800
2.130
2.450
2.770
3.090
3.420
3.730
4.060
4.380
4.710
5.030
5.360
5.680
6.000
6.320
6.650
6.970
7.290
7.600
7.930
8.250
8.580
8.900
9.230
9.550
9.870
10.190
10.520
10.840
11.160
11.480
11.810
12.130
12.450
12.770
13.100
13.410
13.740
14.070
14.390
14.710
15.030
15.360
15.680
15.990
16.310
16.640
16.960
17.280
17.610
17.930
18.260
18.580
18.900
19.220
19.550
19.860
20.190
20.510
20.830
21.150
21.470
21.800
22.130
22.450
22.770
23.090
23.420
23.740
24.060
24.380
24.700
25.030
25.350
25.670
26.000
26.320
26.640
26.970
27.290
27.600
27.930
28.250
28.570
28.900
29.220
29.550
29.870
