0.120
0.480
0.840
1.190
1.550
1.900
2.270
2.620
2.980
3.320
3.670
4.020
4.350
4.700
5.050
5.410
5.760
6.100
6.460
6.820
7.170
7.530
7.900
8.270
8.630
8.970
9.350
9.690
10.050
10.400
10.760
11.120
11.480
11.840
12.200
12.540
12.910
13.260
13.620
13.980
14.330
14.690
15.040
15.390
15.740
16.090
16.450
16.800
17.160
17.520
17.880
18.230
18.600
18.960
19.310
19.670
20.030
20.390
20.740
21.100
21.460
21.810
22.180
22.530
22.890
23.250
23.610
23.970
24.330
24.700
25.060
25.420
25.770
26.120
26.460
26.800
27.150
27.500
27.850
28.190
28.530
28.880
29.240
29.590
29.940
30.290
30.640
30.990
31.340
31.700
32.050
32.400
32.750
33.100
33.460
33.820
34.180
34.520
34.880
35.230
35.580
35.940
36.290
36.650
37.000
37.360
37.720
38.070
38.410
38.760
39.110
39.460
39.800
40.150
40.510
40.860
41.220
41.580
41.940
42.280
42.640
43.000
43.360
43.710
44.070
44.420
44.770
45.130
45.480
45.840
46.200
46.540
46.910
47.270
47.620
47.960
48.320
48.670
49.020
49.390
49.740
50.090
50.450
50.800
51.150
51.500
51.870
52.220
52.580
52.950
53.310
53.650
54.010
54.350
54.710
55.060
55.420
55.760
56.110
56.460
56.810
57.160
57.520
57.860
58.210
58.560
58.920
59.270
59.630
59.980
