0.310
1.060
1.830
2.570
3.330
4.090
4.860
5.600
6.370
7.120
7.890
8.630
9.400
10.150
10.920
11.670
12.430
13.180
13.950
14.700
15.460
16.210
16.980
17.730
18.490
19.240
20.010
20.760
21.520
22.280
23.050
23.790
24.560
25.310
26.070
26.820
27.590
28.340
29.110
29.860
30.620
31.370
32.130
32.890
33.650
34.410
35.170
35.920
36.720
37.480
38.220
38.980
39.710
40.470
41.240
41.980
42.750
43.500
44.260
45.010
45.780
46.530
47.300
48.040
48.810
49.560
50.330
51.080
51.840
52.590
53.360
54.110
54.870
55.620
56.390
57.140
57.900
58.650
59.420
