0.070
0.400
0.760
1.110
1.470
1.820
2.170
2.510
2.850
3.200
3.550
3.900
4.250
4.590
4.930
5.260
5.630
5.970
6.330
6.670
7.020
7.370
7.720
8.060
8.430
8.770
9.120
9.450
9.800
10.150
10.490
10.820
11.180
11.520
11.860
12.200
12.540
12.880
13.220
13.560
13.880
14.220
14.550
14.890
15.240
15.570
15.920
16.250
16.590
16.930
17.260
17.600
17.940
18.280
18.620
18.950
19.290
19.630
19.960
20.300
20.640
20.980
21.320
21.650
21.990
22.330
22.670
23.000
23.340
23.670
24.010
24.340
24.690
25.020
25.360
25.700
26.040
26.390
26.730
27.070
27.410
27.750
28.100
28.440
28.790
29.130
29.470
29.820
