0.170
0.690
1.210
1.720
2.240
2.740
3.250
3.760
4.270
4.770
5.270
5.770
6.270
6.760
7.250
7.740
8.250
8.760
9.260
9.770
10.270
10.780
11.290
11.790
12.290
12.790
13.280
13.790
14.290
14.780
15.290
15.770
16.280
16.780
17.280
17.770
18.260
18.750
19.230
19.710
20.200
20.680
21.180
21.660
22.150
22.640
23.130
23.620
24.120
24.600
25.100
25.600
26.090
26.560
27.040
27.590
28.110
28.640
29.160
29.670
30.180
30.700
31.210
31.720
32.220
32.750
33.260
33.770
34.270
34.770
35.280
35.810
36.350
36.870
37.380
37.900
38.410
38.920
39.430
39.960
40.480
40.980
41.500
42.020
42.520
43.030
43.540
44.040
44.560
45.060
45.580
46.100
46.620
47.120
47.620
48.150
48.660
49.160
49.630
50.160
50.630
51.130
51.630
52.140
52.630
53.120
53.600
54.070
54.570
55.040
55.510
56.020
56.530
57.030
57.520
58.020
58.530
59.030
59.510
