0.190
0.670
1.160
1.650
2.130
2.620
3.090
3.580
4.070
4.550
5.040
5.540
6.030
6.530
7.010
7.490
8.000
8.510
8.990
9.490
9.970
10.480
10.960
11.470
11.990
12.490
12.980
13.480
13.990
14.470
14.960
15.450
15.940
16.420
16.900
17.380
17.870
18.360
18.850
19.330
19.810
20.290
20.770
21.260
21.760
22.250
22.740
23.230
23.710
24.200
24.680
25.160
25.640
26.120
26.610
27.100
27.570
28.060
28.540
29.020
29.500
29.980
30.460
30.930
31.410
31.900
32.360
32.850
33.310
33.790
34.270
34.780
35.260
35.740
36.210
36.680
37.170
37.660
38.120
38.600
39.080
39.560
40.050
40.520
41.010
41.490
41.970
42.460
42.950
43.430
43.900
44.400
44.890
45.390
45.890
46.390
46.890
47.390
47.870
48.380
48.880
49.380
49.890
50.390
50.890
51.390
51.880
52.370
52.860
53.350
53.850
54.350
54.840
55.330
55.820
56.320
56.820
57.320
57.830
58.330
58.820
59.300
59.780
