0.330
0.740
1.160
1.580
2.000
2.430
2.850
3.260
3.670
4.090
4.500
4.910
5.320
5.730
6.150
6.570
6.980
7.400
7.810
8.230
8.650
9.060
9.480
9.890
10.300
10.720
11.140
11.550
11.970
12.380
12.800
13.210
13.620
14.040
14.450
14.860
15.290
15.700
16.120
16.530
16.960
17.370
17.790
18.200
18.620
19.030
19.440
19.840
20.270
20.680
21.090
21.500
21.930
22.350
22.760
23.180
23.590
24.000
24.410
24.820
25.250
25.670
26.080
26.500
26.920
27.330
27.740
28.160
28.590
29.010
29.430
29.850
30.260
30.680
31.100
31.510
31.920
32.340
32.750
33.170
33.590
34.000
34.410
34.830
35.260
35.680
36.100
36.510
36.930
37.350
37.770
38.180
38.580
39.000
39.400
39.810
40.230
40.650
41.060
41.480
41.890
42.300
42.730
43.140
43.560
43.970
44.380
44.800
45.220
45.620
46.050
46.460
46.880
47.290
47.710
48.130
48.550
48.960
49.380
49.800
50.210
50.630
51.040
51.460
51.870
52.290
52.710
53.120
53.530
53.950
54.360
54.780
55.190
55.610
56.020
56.430
56.850
57.280
57.700
58.110
58.530
58.940
59.350
59.750
