0.520
1.220
1.920
2.610
3.320
4.010
4.690
5.390
6.090
6.780
7.470
8.200
8.920
9.610
10.330
11.020
11.740
12.450
13.150
13.870
14.560
15.270
15.970
16.680
17.370
18.070
18.760
19.460
20.160
20.860
21.560
22.260
22.970
23.640
24.340
25.060
25.760
26.450
27.160
27.860
28.570
29.260
29.960
30.730
31.440
32.220
32.990
33.720
34.440
35.160
35.860
36.580
37.300
38.010
38.720
39.450
40.160
40.860
41.540
42.260
42.960
43.660
44.350
45.040
45.740
46.440
47.130
47.830
48.540
49.230
49.940
50.680
51.380
52.080
52.800
53.520
54.220
54.920
55.630
56.370
57.090
57.810
58.500
59.200
59.890
