0.130
0.490
0.870
1.270
1.640
2.020
2.410
2.790
3.160
3.530
3.910
4.290
4.680
5.080
5.460
5.850
6.220
6.580
6.950
7.330
7.730
8.110
8.480
8.870
9.250
9.610
10.000
10.380
10.740
11.120
11.500
11.870
12.250
12.650
13.010
13.400
13.780
14.170
14.540
14.930
15.300
15.680
16.060
16.440
16.820
17.190
17.570
17.950
18.350
18.730
19.110
19.520
19.910
20.290
20.680
21.070
21.450
21.830
22.220
22.600
22.990
23.360
23.750
24.130
24.520
24.900
25.290
25.660
26.030
26.410
26.800
27.180
27.550
27.940
28.320
28.690
29.080
29.460
29.840
