0.060
0.450
0.860
1.250
1.650
2.050
2.440
2.840
3.250
3.650
4.050
4.460
4.860
5.250
5.650
6.060
6.460
6.860
7.260
7.650
8.070
8.460
8.860
9.260
9.660
10.060
10.460
10.860
11.270
11.660
12.070
12.460
12.870
13.280
13.660
14.070
14.470
14.860
15.270
15.680
16.070
16.470
16.870
17.270
17.670
18.080
18.470
18.880
19.270
19.670
20.070
20.480
20.880
21.280
21.670
22.070
22.470
22.880
23.280
23.680
24.070
24.480
24.880
25.290
25.680
26.080
26.480
26.880
27.290
27.680
28.080
28.490
28.880
29.280
29.690
