0.150
0.600
1.040
1.480
1.920
2.380
2.830
3.270
3.710
4.170
4.630
5.070
5.530
5.980
6.440
6.900
7.360
7.810
8.260
8.720
9.170
9.610
10.080
10.520
10.990
11.430
11.900
12.350
12.810
13.260
13.720
14.160
14.620
15.070
15.510
15.950
16.410
16.850
17.310
17.750
18.210
18.650
19.110
19.560
20.010
20.470
20.920
21.370
21.840
22.280
22.740
23.180
23.640
24.100
24.550
24.980
25.450
25.890
26.340
26.780
27.250
27.700
28.160
28.600
29.060
29.490
29.940
30.380
30.840
31.280
31.730
32.170
32.630
33.070
33.520
33.960
34.420
34.860
35.310
35.750
36.200
36.640
37.090
37.530
37.980
38.420
38.860
39.280
39.740
40.180
40.630
41.070
41.530
41.960
42.410
42.840
43.300
43.740
44.190
44.620
45.080
45.520
45.970
46.410
46.860
47.300
47.750
48.180
48.640
49.090
49.550
49.980
50.440
50.880
51.330
51.770
52.220
52.670
53.120
53.560
54.010
54.460
54.920
55.360
55.810
56.270
56.730
57.190
57.660
58.130
58.580
59.050
59.500
59.950
