0.760
1.540
2.330
3.090
3.880
4.660
5.440
6.220
7.000
7.770
8.560
9.340
10.120
10.890
11.680
12.460
13.290
14.050
14.870
15.640
16.430
17.200
17.990
18.770
19.550
20.310
21.100
21.870
22.640
23.410
24.190
24.980
25.740
26.510
27.310
28.090
28.880
29.660
30.450
31.240
32.020
32.780
33.580
34.350
35.110
35.880
36.650
37.430
38.220
38.980
39.750
40.550
41.320
42.080
42.860
43.630
44.400
45.170
45.950
46.730
47.510
48.270
49.040
49.820
50.610
51.380
52.160
52.950
53.710
54.480
55.250
56.030
56.800
57.570
58.350
59.130
59.910
