0.230
0.640
1.020
1.400
1.800
2.190
2.580
2.960
3.350
3.740
4.130
4.520
4.920
5.300
5.690
6.080
6.470
6.860
7.250
7.640
8.020
8.420
8.810
9.200
9.590
9.980
10.370
10.750
11.150
11.540
11.940
12.320
12.700
13.090
13.490
13.870
14.260
14.650
15.040
15.430
15.820
16.210
16.600
16.990
17.380
17.770
18.160
18.550
18.940
19.330
19.720
20.100
20.500
20.880
21.270
21.650
22.060
22.440
22.840
23.210
23.620
24.000
24.390
24.780
25.170
25.560
25.950
26.340
26.730
27.120
27.510
27.900
28.290
28.670
29.070
29.460
29.850
30.240
30.620
31.010
31.400
31.790
32.180
32.570
32.970
33.350
33.750
34.120
34.520
34.920
35.300
35.690
36.080
36.470
36.860
37.250
37.640
38.030
38.420
38.800
39.200
39.580
39.970
40.360
40.750
41.150
41.540
41.930
42.320
42.700
43.090
43.480
43.870
44.260
44.650
45.040
45.430
45.820
46.200
46.600
46.980
47.380
47.770
48.160
48.550
48.930
49.320
49.720
50.100
50.500
50.890
51.270
51.660
52.050
52.450
52.830
53.210
53.610
54.010
54.390
54.780
55.170
55.560
55.950
56.340
56.740
57.120
57.510
57.900
58.290
58.680
59.060
59.450
59.840
