0.350
1.070
1.790
2.500
3.210
3.930
4.640
5.360
6.070
6.780
7.500
8.210
8.930
9.640
10.350
11.070
11.780
12.500
13.210
13.930
14.630
15.360
16.060
16.780
17.490
18.210
18.920
19.640
20.350
21.070
21.770
22.490
23.200
23.920
24.630
25.350
26.060
26.770
27.490
28.210
28.910
29.630
30.340
31.060
31.770
32.500
33.200
33.920
34.630
35.350
36.050
36.780
37.490
38.200
38.910
39.640
40.340
41.060
41.770
42.490
43.200
43.920
44.630
45.350
46.050
46.770
47.490
48.210
48.920
49.630
50.340
51.060
51.770
52.490
53.200
53.920
54.630
55.330
56.050
56.770
57.450
58.170
58.910
59.640
