0.070
0.400
0.710
1.030
1.350
1.670
2.000
2.320
2.640
2.960
3.290
3.610
3.940
4.260
4.580
4.900
5.220
5.550
5.870
6.190
6.530
6.850
7.160
7.480
7.810
8.130
8.450
8.770
9.090
9.410
9.740
10.060
10.380
10.710
11.030
11.350
11.680
11.990
12.320
12.640
12.960
13.280
13.610
13.930
14.260
14.580
14.900
15.230
15.550
15.870
16.190
16.510
16.850
17.160
17.480
17.800
18.130
18.450
18.770
19.090
19.420
19.740
20.060
20.390
20.710
21.030
21.350
21.670
21.990
22.310
22.640
22.960
23.290
23.610
23.930
24.250
24.580
24.900
25.220
25.550
25.880
26.200
26.520
26.840
27.170
27.480
27.800
28.130
28.450
28.760
29.100
29.410
29.750
