0.010
0.380
0.740
1.120
1.480
1.850
2.220
2.590
2.960
3.320
3.680
4.050
4.410
4.780
5.150
5.520
5.880
6.250
6.630
7.000
7.370
7.730
8.090
8.470
8.830
9.200
9.560
9.940
10.310
10.670
11.040
11.430
11.800
12.170
12.530
12.900
13.240
13.600
13.970
14.350
14.710
15.090
15.450
15.830
16.190
16.560
16.930
17.300
17.660
18.030
18.400
18.780
19.150
19.510
19.880
20.250
20.620
20.990
21.360
21.740
22.090
22.470
22.830
23.210
23.570
23.940
24.300
24.680
25.040
25.400
25.770
26.150
26.510
26.880
27.250
27.620
27.980
28.340
28.710
29.080
29.450
29.810
30.180
30.560
30.920
31.290
31.660
32.040
32.400
32.760
33.130
33.500
33.850
34.220
34.590
34.960
35.330
35.690
36.050
36.410
36.770
37.140
37.510
37.890
38.260
38.610
38.990
39.360
39.720
40.090
40.460
40.830
41.200
41.570
41.940
42.310
42.690
43.060
43.430
43.810
44.170
44.540
44.910
45.290
45.660
46.030
46.400
46.770
47.130
47.510
47.870
48.240
48.610
48.970
49.340
49.700
50.050
50.410
50.790
51.160
51.530
51.910
52.270
52.650
53.010
53.370
53.750
54.130
54.500
54.870
55.230
55.610
55.970
56.340
56.710
57.090
57.460
57.820
58.200
58.580
58.980
59.360
59.740
