0.070
0.600
1.130
1.670
2.210
2.750
3.290
3.830
4.360
4.890
5.430
5.960
6.500
7.040
7.570
8.100
8.640
9.180
9.720
10.250
10.790
11.330
11.870
12.410
12.950
13.480
14.010
14.550
15.090
15.630
16.160
16.700
17.230
17.770
18.300
18.840
19.370
19.910
20.440
20.990
21.530
22.060
22.600
23.130
23.670
24.210
24.730
25.280
25.820
26.350
26.890
27.430
27.960
28.500
29.030
29.570
30.120
30.640
31.190
31.720
32.260
32.790
33.320
33.860
34.400
34.930
35.470
36.010
36.550
37.080
37.610
38.150
38.690
39.230
39.760
40.290
40.830
41.370
41.900
42.450
42.990
43.520
44.070
44.600
45.130
45.660
46.200
46.740
47.270
47.800
48.350
48.880
49.410
49.950
50.480
51.020
51.560
52.100
52.640
53.180
53.710
54.250
54.790
55.320
55.860
56.400
56.940
57.460
58.000
58.540
59.080
59.610
