0.510
1.240
1.970
2.660
3.380
4.080
4.790
5.490
6.210
6.920
7.630
8.320
9.040
9.750
10.450
11.150
11.900
12.620
13.340
14.030
14.750
15.460
16.170
16.880
17.620
18.330
19.050
19.750
20.470
21.180
21.880
22.590
23.320
24.030
24.740
25.450
26.160
26.860
27.580
28.290
29.010
29.700
30.400
31.090
31.800
32.500
33.190
33.880
34.620
35.310
36.040
36.730
37.450
38.170
38.880
39.570
40.310
41.020
41.720
42.440
43.140
43.850
44.560
45.260
46.010
46.710
47.440
48.140
48.860
49.580
50.300
51.000
51.740
52.450
53.160
53.860
54.580
55.280
55.990
56.710
57.440
58.160
58.890
59.600
