0.300
0.930
1.540
2.160
2.790
3.410
4.030
4.650
5.270
5.890
6.510
7.130
7.750
8.370
8.990
9.610
10.230
10.860
11.480
12.100
12.720
13.340
13.960
14.580
15.200
15.820
16.440
17.060
17.690
18.300
18.920
19.550
20.160
20.780
21.410
22.030
22.650
23.270
23.890
24.510
25.130
25.750
26.370
27.000
27.600
28.230
28.850
29.470
30.090
30.710
31.330
31.960
32.580
33.200
33.820
34.440
35.060
35.680
36.300
36.930
37.550
38.170
38.790
39.410
40.030
40.650
41.270
41.900
42.510
43.140
43.760
44.380
45.000
45.620
46.240
46.860
47.480
48.100
48.720
49.350
49.970
50.590
51.210
51.820
52.440
53.060
53.680
54.300
54.920
55.540
56.160
56.790
57.400
58.030
58.650
59.270
59.890
