0.780
1.590
2.390
3.190
3.990
4.790
5.600
6.390
7.190
7.990
8.790
9.590
10.390
11.190
11.990
12.790
13.590
14.390
15.190
15.990
16.790
17.590
18.390
19.190
19.990
20.800
21.600
22.390
23.170
23.990
24.790
25.590
26.390
27.190
28.000
28.790
29.590
30.390
31.180
31.990
32.790
33.590
34.390
35.190
35.990
36.790
37.590
38.390
39.190
39.990
40.800
41.590
42.390
43.190
43.990
44.790
45.590
46.390
47.190
47.990
48.790
49.590
50.390
51.190
51.980
52.790
53.580
54.390
55.180
55.990
56.790
57.590
58.390
59.190
59.970
