0.690
1.510
2.320
3.120
3.930
4.750
5.550
6.380
7.190
8.010
8.800
9.620
10.410
11.190
12.010
12.830
13.620
14.450
15.260
16.080
16.870
17.680
18.500
19.320
20.110
20.940
21.720
22.550
23.360
24.190
24.990
25.810
26.600
27.420
28.230
29.050
29.850
30.670
31.480
32.290
33.090
33.910
34.720
35.540
36.320
37.120
37.940
38.760
39.560
40.380
41.180
41.990
42.800
43.620
44.420
45.240
46.040
46.840
47.650
48.470
49.270
50.110
50.910
51.730
52.520
53.340
54.130
54.940
55.750
56.590
57.380
58.210
59.010
59.830
