0.200
0.680
1.150
1.620
2.080
2.550
3.030
3.490
3.960
4.440
4.900
5.380
5.840
6.310
6.780
7.250
7.710
8.180
8.650
9.130
9.580
10.060
10.520
10.990
11.460
11.940
12.400
12.860
13.330
13.810
14.270
14.730
15.200
15.680
16.140
16.600
17.080
17.560
18.020
18.480
18.960
19.430
19.900
20.370
20.840
21.310
21.780
22.220
22.700
23.180
23.650
24.110
24.580
25.040
25.500
25.970
26.430
26.920
27.410
27.880
28.340
28.800
29.280
29.740
30.210
30.680
31.160
31.630
32.090
32.560
33.020
33.500
33.960
34.430
34.900
35.370
35.840
36.300
36.770
37.240
37.710
38.180
38.650
39.120
39.590
40.060
40.520
40.990
41.460
41.930
42.400
42.870
43.350
43.800
44.270
44.740
45.220
45.680
46.150
46.620
47.090
47.560
48.020
48.490
48.960
49.420
49.890
50.360
50.840
51.300
51.770
52.240
52.720
53.190
53.650
54.120
54.590
55.060
55.520
55.990
56.470
56.930
57.390
57.870
58.330
58.800
59.260
59.740
