0.290
0.730
1.160
1.590
2.020
2.450
2.880
3.320
3.760
4.200
4.610
5.040
5.480
5.900
6.340
6.770
7.200
7.620
8.050
8.490
8.930
9.360
9.800
10.220
10.660
11.090
11.520
11.950
12.390
12.820
13.250
13.680
14.130
14.560
14.990
15.430
15.870
16.290
16.720
17.160
17.590
18.010
18.450
18.880
19.300
19.750
20.190
20.620
21.080
21.490
21.930
22.370
22.810
23.230
23.670
24.100
24.540
24.970
25.400
25.840
26.270
26.700
27.140
27.580
28.010
28.440
28.870
29.300
29.740
30.170
30.610
31.040
31.460
31.890
32.330
32.780
33.210
33.650
34.080
34.490
34.930
35.370
35.790
36.220
36.660
37.080
37.520
37.930
38.370
38.790
39.220
39.660
40.090
40.530
40.970
41.400
41.840
42.270
42.700
43.140
43.580
44.010
44.440
44.870
45.310
45.740
46.170
46.600
47.040
47.470
47.910
48.340
48.770
49.210
49.640
50.070
50.510
50.940
51.370
51.810
52.230
52.660
53.090
53.530
53.970
54.410
54.850
55.280
55.720
56.150
56.580
57.020
57.450
57.890
58.330
58.770
59.200
59.640
